hotel_name,near_station,restaurant,entertain,shopping_mall,convenience_store
Dormy Inn Akihabara,0.036144578,0.240963855,0.240963855,0.240963855,0.240963855
APA Hotel Ueno-Ekimae,0.042553191,0.425531915,0.021276596,0.085106383,0.425531915
Capsule and Sauna Rosco,0.047619048,0.476190476,0.119047619,0.047619048,0.30952381
FLEXSTAY INN Higashi Jujo,0.048780488,0.487804878,0.073170732,0.048780488,0.341463415
FLEXSTAY INN Sugamo,0.052631579,0.350877193,0.192982456,0.070175439,0.333333333
Hotel Villa Fontaine Tokyo-Otemachi,0.057971014,0.289855072,0.289855072,0.072463768,0.289855072
1/3rd Residence Serviced Apartments Nihonbashi,0.058823529,0.235294118,0.235294118,0.235294118,0.235294118
APA Hotel Akihabara-Ekimae,0.058823529,0.235294118,0.235294118,0.235294118,0.235294118
Akihabara Hotel 3000,0.071428571,0.285714286,0.285714286,0.071428571,0.285714286
Belle Via Tokyo,0.075,0.5,0.025,0.025,0.375
Tokyu Stay Gotanda,0.075757576,0.303030303,0.303030303,0.045454545,0.272727273
HOTEL MYSTAYS Ueno East,0.076923077,0.384615385,0.096153846,0.057692308,0.384615385
HOTEL MYSTAYS Ueno Iriyaguchi,0.076923077,0.384615385,0.096153846,0.057692308,0.384615385
The CALM Hotel Tokyo (Adult Only),0.076923077,0.307692308,0.307692308,0.046153846,0.261538462
Tokyo Central Youth Hostel,0.076923077,0.307692308,0.2,0.107692308,0.307692308
Hikarihouse,0.078947368,0.263157895,0.263157895,0.131578947,0.263157895
Hotel Ohedo,0.078947368,0.263157895,0.263157895,0.131578947,0.263157895
Hotel Mid In Meguro Ekimae,0.079365079,0.317460317,0.238095238,0.047619048,0.317460317
Hotel Edoya,0.08,0.266666667,0.266666667,0.12,0.266666667
Hotel Route-Inn Gotanda,0.081081081,0.540540541,0,0.054054054,0.324324324
Nishitetsu Inn Kamata,0.085714286,0.285714286,0.285714286,0.057142857,0.285714286
Urbain Tokyo Haneda Kamata,0.085714286,0.285714286,0.285714286,0.057142857,0.285714286
HOTEL MYSTAYS Ueno Inaricho,0.088888889,0.444444444,0.022222222,0.177777778,0.266666667
Shibuya Creston Hotel,0.091954023,0.229885057,0.229885057,0.218390805,0.229885057
Meguro Gajoen,0.09375,0.3125,0.25,0.046875,0.296875
Hotel Lungwood,0.096153846,0.384615385,0.230769231,0.019230769,0.269230769
APA Hotel Tokyo Kudanshita,0.098039216,0.392156863,0.078431373,0.039215686,0.392156863
Hotel Vista Kamata Tokyo,0.098591549,0.281690141,0.281690141,0.056338028,0.281690141
HOTEL & SPA J-MEX Shinjuku Kabukicho (Adult Only),0.098765432,0.24691358,0.24691358,0.160493827,0.24691358
Hotel Grand Fresa Akasaka,0.1,0.285714286,0.285714286,0.042857143,0.285714286
HOTEL MYSTAYS Gotanda Station,0.1,0.285714286,0.285714286,0.042857143,0.285714286
Sutton Place Hotel Ueno,0.1,0.333333333,0.116666667,0.116666667,0.333333333
Toyoko Inn Tokyo Tozai-Sen Nishi-kasai,0.1,0.333333333,0.2,0.033333333,0.333333333
Akihabara Washington Hotel,0.101123596,0.224719101,0.224719101,0.224719101,0.224719101
Business Hotel Yamashiro,0.101123596,0.224719101,0.224719101,0.224719101,0.224719101
HOTEL MYSTAYS Higashi Ikebukuro,0.101449275,0.289855072,0.144927536,0.188405797,0.275362319
the b Akasaka,0.101449275,0.289855072,0.289855072,0.028985507,0.289855072
Hotel Grand Palace,0.102040816,0.408163265,0.040816327,0.040816327,0.408163265
Hotel New Star Ikebukuro,0.102564103,0.256410256,0.256410256,0.128205128,0.256410256
House Ikebukuro,0.103896104,0.25974026,0.25974026,0.116883117,0.25974026
Tokyu Stay Ikebukuro,0.104651163,0.23255814,0.23255814,0.197674419,0.23255814
Annex Katsutaro Ryokan,0.105263158,0.526315789,0.078947368,0.026315789,0.263157895
HOTEL MYSTAYS Asakusa bashi,0.105263158,0.350877193,0.192982456,0,0.350877193
APA Hotel Asakusabashi-Ekikita,0.106382979,0.425531915,0.14893617,0.021276596,0.29787234
Hotel Business Villa Omori,0.106382979,0.425531915,0.021276596,0.021276596,0.425531915
Toyoko Inn Tokyo Akiba Asakusabashi-eki Higashi-guchi,0.106382979,0.425531915,0.14893617,0.021276596,0.29787234
Hotel Listel Shinjuku,0.106666667,0.266666667,0.266666667,0.093333333,0.266666667
the b tokyo ochanomizu,0.106666667,0.266666667,0.24,0.12,0.266666667
Tokyo Guest House Itabashi-juku,0.108108108,0.540540541,0.054054054,0.027027027,0.27027027
Tokyu Stay Aoyama Premier,0.109090909,0.363636364,0.090909091,0.163636364,0.272727273
Good Diner Inn Copain,0.109375,0.3125,0.1875,0.125,0.265625
Khaosan World Asakusa Hostel,0.109589041,0.273972603,0.164383562,0.232876712,0.219178082
Khaosan World Asakusa Ryokan,0.109589041,0.273972603,0.164383562,0.232876712,0.219178082
J Residence Shinjuku,0.109756098,0.243902439,0.243902439,0.158536585,0.243902439
APA Hotel Tokyo Itabashi,0.111111111,0.444444444,0.111111111,0,0.333333333
Guest House Denchi,0.111111111,0.277777778,0.152777778,0.222222222,0.236111111
Hotel Monterey Akasaka,0.111111111,0.277777778,0.277777778,0.055555556,0.277777778
HOTEL MYSTAYS Nippori,0.111111111,0.37037037,0.222222222,0.037037037,0.259259259
Keio Presso Inn Akasaka,0.111111111,0.277777778,0.277777778,0.055555556,0.277777778
Tokyo Banyan Hotel,0.111111111,0.317460317,0.158730159,0.095238095,0.317460317
Web Hotel Tokyo Asakusabashi,0.111111111,0.37037037,0.148148148,0.018518519,0.351851852
APA Hotel - Higashishinjuku Kabukicho Higashi,0.1125,0.25,0.25,0.1375,0.25
APA Hotel Higashi Shinjuku Kabukicho,0.1125,0.25,0.25,0.1375,0.25
Ryokan Sansuiso,0.112676056,0.281690141,0.281690141,0.042253521,0.281690141
Asakusa View Hotel,0.114285714,0.285714286,0.157142857,0.228571429,0.214285714
Hotel Edoyado (Adult Only),0.115384615,0.256410256,0.166666667,0.256410256,0.205128205
Holiday View Inn,0.115942029,0.289855072,0.231884058,0.072463768,0.289855072
Base Inn Komagome Tokyo,0.11627907,0.465116279,0.11627907,0,0.302325581
Asakusa Ryokan Toukaisou,0.116883117,0.25974026,0.155844156,0.246753247,0.220779221
Hotel Sunroute Higashi Shinjuku,0.116883117,0.25974026,0.25974026,0.103896104,0.25974026
Tokyu Stay Yotsuya,0.12,0.4,0.16,0.02,0.3
APA Hotel Shinjuku-Kabukicho Tower,0.120879121,0.21978022,0.21978022,0.21978022,0.21978022
Super Hotel Shinjuku Kabukicho,0.120879121,0.21978022,0.21978022,0.21978022,0.21978022
Ueno First City Hotel,0.120879121,0.21978022,0.21978022,0.21978022,0.21978022
Hotel Keihan Asakusa,0.121621622,0.27027027,0.175675676,0.243243243,0.189189189
Hotel Grand Arc Hanzomon,0.12195122,0.487804878,0.073170732,0.024390244,0.292682927
Tokyu Stay Monzen-Nakacho,0.123076923,0.307692308,0.307692308,0,0.261538462
Grand Park Hotel Panex Tokyo,0.123287671,0.273972603,0.273972603,0.054794521,0.273972603
Hotel the M Innsomnia Akasaka,0.123287671,0.273972603,0.273972603,0.054794521,0.273972603
Ochanomizu St. HILLS HOTEL,0.123287671,0.273972603,0.191780822,0.136986301,0.273972603
Hotel Monterey Hanzomon,0.125,0.5,0.05,0.025,0.3
Sotetsu Fresa Inn Ochanomizu Jimbocho,0.125,0.357142857,0.071428571,0.089285714,0.357142857
The Westin Tokyo,0.125,0.5,0.075,0.15,0.15
Tokiwa Hotel,0.125,0.3125,0.3125,0.03125,0.21875
Tokyo Green Palace,0.125,0.416666667,0.020833333,0.020833333,0.416666667
Khaosan Tokyo Laboratory,0.126582278,0.253164557,0.151898734,0.253164557,0.215189873
Taito Ryokan,0.126582278,0.253164557,0.151898734,0.253164557,0.215189873
Haru Hotel,0.126984127,0.317460317,0.174603175,0.095238095,0.285714286
Mitsui Garden Hotel Yotsuya,0.127659574,0.425531915,0.127659574,0.021276596,0.29787234
Lotte City Hotel Kinshicho,0.127906977,0.23255814,0.23255814,0.174418605,0.23255814
Hotel Cerezo,0.128205128,0.512820513,0.102564103,0,0.256410256
Citadines Shinjuku Tokyo,0.128571429,0.285714286,0.271428571,0.028571429,0.285714286
Gajyun Tokyo Asakusa,0.129032258,0.322580645,0.129032258,0.193548387,0.225806452
Hotel Lumiere Nishikasai,0.129032258,0.322580645,0.193548387,0.032258065,0.322580645
Hotel Metropolitan Edmont Tokyo,0.12962963,0.37037037,0.092592593,0.037037037,0.37037037
Comfort Hotel Tokyo Kanda,0.12987013,0.25974026,0.25974026,0.090909091,0.25974026
Premier Hotel Cabin Shinjuku,0.130434783,0.217391304,0.217391304,0.217391304,0.217391304
Artist Hotel - BnA HOTEL Koenji,0.131578947,0.263157895,0.263157895,0.078947368,0.263157895
Oak Hostel Zen,0.132075472,0.377358491,0.150943396,0,0.339622642
Toyoko Inn Uguisudani,0.132075472,0.377358491,0.150943396,0,0.339622642
Hotel Sunroute Asakusa,0.13253012,0.240963855,0.144578313,0.240963855,0.240963855
Centurion Hotel Ikebukuro,0.133333333,0.222222222,0.222222222,0.2,0.222222222
Hotel New Tohoku,0.133333333,0.222222222,0.2,0.222222222,0.222222222
Palace Studio Minami-Azabu,0.133333333,0.444444444,0.133333333,0,0.288888889
Shin Okubo Sekitei,0.133333333,0.333333333,0.15,0.083333333,0.3
Super Hotel Lohas Akasaka,0.133333333,0.266666667,0.266666667,0.066666667,0.266666667
the b tokyo akasaka-mitsuke,0.133333333,0.266666667,0.266666667,0.066666667,0.266666667
Richmond Hotel Premier Asakusa International,0.134146341,0.243902439,0.158536585,0.243902439,0.219512195
Tokyo Plaza Hotel,0.134328358,0.298507463,0.164179104,0.104477612,0.298507463
Hotel Tokyo Garden Palace,0.134615385,0.384615385,0.038461538,0.057692308,0.384615385
Tokyu Stay Suidobashi,0.134615385,0.384615385,0.076923077,0.019230769,0.384615385
Daiwa Roynet Hotel Tokyo Akabane,0.135135135,0.27027027,0.27027027,0.054054054,0.27027027
Toyoko Inn Tokyo Kamata Higashi-guchi,0.135135135,0.27027027,0.27027027,0.054054054,0.27027027
Hotel Route-Inn Tokyo Toyocho,0.136363636,0.454545455,0.090909091,0,0.318181818
Hotel Mid In Akabane Ekimae,0.136986301,0.273972603,0.273972603,0.04109589,0.273972603
Hotel Lumiere Kasai,0.138461538,0.307692308,0.276923077,0.015384615,0.261538462
APA Hotel Ginza-Takaracho,0.139240506,0.253164557,0.126582278,0.227848101,0.253164557
Daiichi Hotel Annex,0.139784946,0.215053763,0.215053763,0.215053763,0.215053763
Hotel Gracery Shinjuku,0.139784946,0.215053763,0.215053763,0.215053763,0.215053763
"Inno Hostel & Pub Lounge Ueno, Tokyo",0.14,0.4,0.16,0,0.3
Forest Hongo,0.142857143,0.571428571,0.028571429,0,0.257142857
Hotel Graphy Nezu,0.142857143,0.714285714,0,0,0.142857143
Hotel Risveglio Akasaka,0.142857143,0.25974026,0.25974026,0.077922078,0.25974026
Hundred Stay Tokyo Shinjuku,0.142857143,0.357142857,0.107142857,0.053571429,0.339285714
Red Planet Asakusa Tokyo,0.142857143,0.238095238,0.142857143,0.238095238,0.238095238
Sotetsu Fresa Inn Tokyo Kamata,0.142857143,0.25974026,0.25974026,0.077922078,0.25974026
Centurion Cabin & Spa,0.144736842,0.263157895,0.263157895,0.065789474,0.263157895
Centurion Hotel Residential Akasaka,0.144736842,0.263157895,0.263157895,0.065789474,0.263157895
Best Western Tokyo Nishikasai,0.14516129,0.322580645,0.193548387,0.016129032,0.322580645
Hotel Wing International Premium Tokyo Yotsuya,0.145454545,0.363636364,0.145454545,0,0.345454545
Daiwa Roynet Hotel Tokyo Osaki,0.145833333,0.416666667,0.020833333,0.041666667,0.375
Tokyo Sumidagawa Youth Hostel,0.145833333,0.416666667,0.125,0.020833333,0.291666667
Sunshine City Prince Hotel,0.146067416,0.224719101,0.202247191,0.202247191,0.224719101
Sakura Hostel Asakusa,0.147058824,0.294117647,0.132352941,0.205882353,0.220588235
APA Hotel Shimbashi Onarimon,0.148648649,0.27027027,0.27027027,0.040540541,0.27027027
K's House Tokyo Oasis - Quality Hostel,0.148648649,0.27027027,0.148648649,0.216216216,0.216216216
Tokyu Stay Shibuya,0.148648649,0.27027027,0.27027027,0.040540541,0.27027027
Ace Inn Shinjuku,0.14893617,0.425531915,0.085106383,0,0.340425532
Ginza International Hotel,0.14893617,0.212765957,0.212765957,0.212765957,0.212765957
Shibuya Hotel En,0.14893617,0.212765957,0.212765957,0.212765957,0.212765957
Kichijoji Tokyu REI Hotel,0.149425287,0.229885057,0.229885057,0.16091954,0.229885057
Richmond Hotel Tokyo Mejiro,0.15,0.5,0.05,0.025,0.275
Belmont Hotel,0.150943396,0.377358491,0.132075472,0.094339623,0.245283019
Remm Roppongi,0.151162791,0.23255814,0.23255814,0.151162791,0.23255814
Hotel Trusty Tokyo Bayside,0.151515152,0.606060606,0.03030303,0.060606061,0.151515152
Pearl Hotel Kasai,0.151515152,0.303030303,0.272727273,0.015151515,0.257575758
Sadachiyo,0.151515152,0.303030303,0.121212121,0.196969697,0.227272727
Omori Tokyu REI Hotel,0.151898734,0.253164557,0.253164557,0.088607595,0.253164557
APA Hotel Ginza Kyobashi,0.153846154,0.256410256,0.141025641,0.192307692,0.256410256
The Edo Sakura,0.153846154,0.512820513,0.025641026,0,0.307692308
Nakano Sunplaza Hotel,0.154761905,0.238095238,0.238095238,0.130952381,0.238095238
FLEXSTAY INN Tokiwadai,0.155555556,0.444444444,0.111111111,0,0.288888889
HOTEL MYSTAYS Kameido,0.155555556,0.444444444,0.066666667,0.044444444,0.288888889
Akasaka Excel Hotel Tokyu,0.155844156,0.25974026,0.25974026,0.064935065,0.25974026
Shinjuku City Hotel N.U.T.S Tokyo,0.155844156,0.25974026,0.25974026,0.064935065,0.25974026
Capsule and Sauna Oriental,0.157894737,0.210526316,0.210526316,0.210526316,0.210526316
Dormy Inn Express Meguro Aobadai Hot Spring,0.157894737,0.526315789,0,0.052631579,0.263157895
Hotel Grand City,0.157894737,0.210526316,0.210526316,0.210526316,0.210526316
Hotel Resol Ikebukuro,0.157894737,0.210526316,0.210526316,0.210526316,0.210526316
Hotel Wing International Shinjuku,0.157894737,0.210526316,0.210526316,0.210526316,0.210526316
Ueno Terminal Hotel,0.157894737,0.210526316,0.210526316,0.210526316,0.210526316
Ai Hotel Nihonbashi,0.158730159,0.317460317,0.19047619,0.015873016,0.317460317
APA Hotel Kanda Jimbocho Ekihigashi,0.158730159,0.317460317,0.111111111,0.095238095,0.317460317
Toyoko Inn Tokyo Kanda Akihabara,0.158730159,0.317460317,0.19047619,0.015873016,0.317460317
Palace Studio Shinjuku Parkside,0.159090909,0.454545455,0.045454545,0,0.340909091
Mandarin Oriental Tokyo,0.15942029,0.289855072,0.130434783,0.130434783,0.289855072
Anne Hostel,0.16,0.4,0.14,0.02,0.28
APA Hotel Keikyu Kamata-Ekimae,0.16,0.266666667,0.266666667,0.04,0.266666667
ANA InterContinental Tokyo,0.160714286,0.357142857,0.053571429,0.071428571,0.357142857
Hotel Allamanda Aoyama Tokyo,0.160714286,0.357142857,0.071428571,0.125,0.285714286
Hotel Villa Fontaine Tokyo-Hamamatsucho,0.160714286,0.357142857,0.071428571,0.053571429,0.357142857
Toyoko Inn Tokyo Asakusa Senzoku Tsukuba Express,0.160714286,0.357142857,0.107142857,0.089285714,0.285714286
Daiichi Hotel Tokyo,0.161290323,0.215053763,0.215053763,0.193548387,0.215053763
Asakusa Central Hotel,0.162790698,0.23255814,0.139534884,0.23255814,0.23255814
Hotel Kuramae,0.162790698,0.465116279,0.023255814,0.046511628,0.302325581
Hotel Sunroute Shinagawa Seaside,0.162790698,0.465116279,0.046511628,0.046511628,0.279069767
UNIZO INN Tokyo Asakusa,0.162790698,0.23255814,0.139534884,0.23255814,0.23255814
Palace Studio Kojimachi,0.163636364,0.363636364,0.145454545,0,0.327272727
Akasaka Granbell Hotel,0.164556962,0.253164557,0.253164557,0.075949367,0.253164557
the b Roppongi,0.164705882,0.235294118,0.235294118,0.129411765,0.235294118
APA Hotel Hanzomon Hirakawacho,0.166666667,0.37037037,0.055555556,0.037037037,0.37037037
APA Hotel Okachimachi Eki-Kita S,0.166666667,0.208333333,0.208333333,0.208333333,0.208333333
APA Hotel Shinjuku Gyoemmae,0.166666667,0.208333333,0.208333333,0.208333333,0.208333333
ARTnSHELTER,0.166666667,0.555555556,0,0,0.277777778
Hotel Coco Grand Ueno Shinobazu,0.166666667,0.208333333,0.208333333,0.208333333,0.208333333
Hotel Tateshina,0.166666667,0.208333333,0.208333333,0.208333333,0.208333333
Keio Presso Inn Ikebukuro,0.166666667,0.208333333,0.208333333,0.208333333,0.208333333
Kinuya Hotel,0.166666667,0.208333333,0.208333333,0.208333333,0.208333333
New Otani Inn Tokyo,0.166666667,0.37037037,0.018518519,0.074074074,0.37037037
"The Strings by InterContinental, Tokyo",0.166666667,0.277777778,0.180555556,0.097222222,0.277777778
Tokyo Kiba Hotel,0.166666667,0.416666667,0.020833333,0.020833333,0.375
Tokyu Stay Kamata,0.168831169,0.25974026,0.25974026,0.051948052,0.25974026
Hotel Villa Fontaine Tokyo-Kudanshita,0.169491525,0.338983051,0.101694915,0.050847458,0.338983051
YMCA Asia Youth Center,0.169811321,0.377358491,0.037735849,0.037735849,0.377358491
Ace Inn Asakusa,0.170212766,0.425531915,0.063829787,0.042553191,0.29787234
Guest House Shinagawa-shuku,0.170731707,0.487804878,0.073170732,0,0.268292683
Hotel Villa Fontaine Tokyo-Roppongi,0.171052632,0.263157895,0.263157895,0.039473684,0.263157895
Kotobuki Sou,0.171428571,0.285714286,0.1,0.157142857,0.285714286
Smi:re Stay Tokyo,0.171428571,0.571428571,0,0,0.257142857
Tokyo Hostel Fuji,0.171428571,0.571428571,0.057142857,0,0.2
Asakusa Hotel Wasou,0.171875,0.3125,0.09375,0.1875,0.234375
Khaosan Tokyo Kabuki,0.172413793,0.229885057,0.137931034,0.229885057,0.229885057
Mitsui Garden Hotel Shiodome Italia-gai,0.174603175,0.317460317,0.095238095,0.095238095,0.317460317
HOTEL MYSTAYS Kanda,0.175,0.25,0.25,0.075,0.25
Keys House,0.175,0.5,0.025,0.05,0.25
Spa Resort President,0.175257732,0.206185567,0.206185567,0.206185567,0.206185567
Hotel Monterey Ginza,0.176470588,0.235294118,0.152941176,0.2,0.235294118
Hotel Monterey Lasoeur Ginza,0.176470588,0.235294118,0.152941176,0.2,0.235294118
HOTEL ATLAS (Adult Only),0.17721519,0.253164557,0.063291139,0.253164557,0.253164557
Sakura Hotel Hatagaya,0.179487179,0.512820513,0.051282051,0,0.256410256
Shinkoiwa Park Hotel,0.180327869,0.327868852,0.196721311,0.016393443,0.278688525
Hotel Kaminarimon,0.180722892,0.240963855,0.108433735,0.240963855,0.228915663
Tokyu Stay Nihombashi,0.180722892,0.240963855,0.240963855,0.096385542,0.240963855
Hotel 3000 Asakusa Honten,0.181818182,0.227272727,0.136363636,0.227272727,0.227272727
IRORI NIHONBASHI HOSTEL and KITCHEN,0.181818182,0.363636364,0.072727273,0.018181818,0.363636364
Pearl Hotel Ryogoku,0.181818182,0.454545455,0.136363636,0,0.227272727
Courtyard by Marriott Tokyo Ginza,0.183673469,0.204081633,0.204081633,0.204081633,0.204081633
Hotel Sulata Shibuya Dougenzaka (Adult Only),0.183673469,0.204081633,0.204081633,0.204081633,0.204081633
Shinjuku Kuyakusho-mae Capsule Hotel,0.183673469,0.204081633,0.204081633,0.204081633,0.204081633
Sotetsu Fresa Inn Ginza-Nanachome,0.183673469,0.204081633,0.204081633,0.204081633,0.204081633
The Nell Ueno Okachimachi,0.183673469,0.204081633,0.204081633,0.204081633,0.204081633
Kuretake-Inn Tokyo Funabori,0.184210526,0.526315789,0.026315789,0.026315789,0.236842105
Chisun Hotel Hamamatsucho,0.185185185,0.37037037,0.074074074,0.037037037,0.333333333
Sakura Fleur Aoyama,0.18556701,0.206185567,0.206185567,0.195876289,0.206185567
HOTEL UNIZO Tokyo Ginza-itchome,0.186046512,0.23255814,0.151162791,0.197674419,0.23255814
Palace Studio Shibuya Honmachi,0.186046512,0.465116279,0,0,0.348837209
Sakura Hotel Jimbocho,0.186440678,0.338983051,0.050847458,0.084745763,0.338983051
APA Hotel Roppongi Ekimae,0.186813187,0.21978022,0.21978022,0.153846154,0.21978022
FLEXSTAY INN Ekoda,0.1875,0.416666667,0.1875,0,0.208333333
Hotel Kazusaya,0.188235294,0.235294118,0.235294118,0.105882353,0.235294118
Rihga Royal Hotel Tokyo,0.189189189,0.540540541,0.027027027,0,0.243243243
Sanco Inn Grande Tokyo Hamamatsucho,0.189655172,0.344827586,0.068965517,0.051724138,0.344827586
Ryokan Asakusa Shigetsu,0.191011236,0.224719101,0.134831461,0.224719101,0.224719101
The Peninsula Tokyo,0.191489362,0.212765957,0.212765957,0.170212766,0.212765957
Hotel Yamayuri,0.191919192,0.202020202,0.202020202,0.202020202,0.202020202
Imperial Hotel Tokyo,0.191919192,0.202020202,0.202020202,0.202020202,0.202020202
Remm Hibiya,0.191919192,0.202020202,0.202020202,0.202020202,0.202020202
Shibuya Tobu Hotel,0.191919192,0.202020202,0.202020202,0.202020202,0.202020202
Tokyo Ginza BAY HOTEL,0.191919192,0.202020202,0.202020202,0.202020202,0.202020202
Hotel Cadenza Hikarigaoka,0.192307692,0.615384615,0,0,0.192307692
Annex Check In Shimbashi,0.192771084,0.240963855,0.240963855,0.084337349,0.240963855
Tokyu Stay Nishi Shinjuku,0.192982456,0.350877193,0.105263158,0.052631579,0.298245614
Dormy Inn Premium Shibuya-jingumae,0.193181818,0.227272727,0.147727273,0.227272727,0.204545455
FLEXSTAY INN Shinagawa,0.195121951,0.487804878,0.073170732,0,0.243902439
Dai-ichi Hotel Ryogoku,0.195652174,0.434782609,0.043478261,0,0.326086957
Grand Nikko Tokyo Daiba,0.195652174,0.434782609,0.086956522,0.195652174,0.086956522
Hotel Arca Torre Roppongi,0.195652174,0.217391304,0.217391304,0.152173913,0.217391304
New Central Hotel,0.195876289,0.206185567,0.206185567,0.18556701,0.206185567
Hotel Houshi Kaikan,0.196428571,0.357142857,0.071428571,0.017857143,0.357142857
Toyoko Inn Tokyo Akabane-eki Higashi-guchi Ichiban-gai,0.196428571,0.357142857,0.267857143,0.017857143,0.160714286
Andon Ryokan,0.2,0.444444444,0.088888889,0,0.266666667
Apartment Hotel Shinjuku,0.2,0.2,0.2,0.2,0.2
Hotel East 21 Tokyo,0.2,0.5,0.025,0.025,0.25
Hotel Gracery Ginza,0.2,0.2,0.2,0.2,0.2
HOTEL MYSTAYS Nishi Shinjuku,0.2,0.2,0.2,0.2,0.2
Hotel Sunroute Shimbashi,0.2,0.235294118,0.235294118,0.094117647,0.235294118
HOTEL THE HOTEL (Adult Only),0.2,0.2,0.2,0.2,0.2
HOTEL UNIZO Tokyo Shibuya,0.2,0.2,0.2,0.2,0.2
IBIS Tokyo Shinjuku,0.2,0.2,0.2,0.2,0.2
Keikyu EX Inn Shinagawa,0.2,0.285714286,0.142857143,0.1,0.271428571
Khaosan Tokyo Original,0.2,0.285714286,0.057142857,0.171428571,0.285714286
Mercure Hotel Ginza Tokyo,0.2,0.210526316,0.210526316,0.168421053,0.210526316
Shibuya Granbell Hotel,0.2,0.2,0.2,0.2,0.2
Shibuya Tokyu REI Hotel,0.2,0.2,0.2,0.2,0.2
Super Hotel Asakusa,0.2,0.333333333,0.05,0.233333333,0.183333333
Tokyo Marriott Hotel,0.2,0.5,0.075,0.025,0.2
Toshi Center Hotel,0.2,0.333333333,0.066666667,0.066666667,0.333333333
Vann Amor Apartment Higashi-Ginza,0.2,0.2,0.2,0.2,0.2
Tokyu Stay Ginza,0.202020202,0.202020202,0.202020202,0.191919192,0.202020202
APA Hotel Shimbashi Toranomon,0.202531646,0.253164557,0.253164557,0.037974684,0.253164557
Roppongi Hotel S,0.202531646,0.253164557,0.253164557,0.088607595,0.202531646
Shinagawa Prince Hotel,0.202898551,0.289855072,0.144927536,0.101449275,0.260869565
Hotel Villa Fontaine Tokyo-hatchobori,0.203389831,0.338983051,0.06779661,0.050847458,0.338983051
Hotel Sunroute Plaza Shinjuku,0.204081633,0.204081633,0.183673469,0.204081633,0.204081633
Hotel Meigetsu,0.205882353,0.588235294,0,0.058823529,0.147058824
HOTEL MYSTAYS PREMIER Omori,0.205882353,0.294117647,0.132352941,0.073529412,0.294117647
Senju Tamuraya,0.205882353,0.588235294,0,0.058823529,0.147058824
Four Seasons Hotel Tokyo at Marunouchi,0.206185567,0.206185567,0.206185567,0.175257732,0.206185567
Kadoya Hotel,0.206185567,0.206185567,0.175257732,0.206185567,0.206185567
Solaria Nishitetsu Hotel Ginza,0.206185567,0.206185567,0.206185567,0.175257732,0.206185567
Hotel Fukudaya,0.206896552,0.344827586,0.103448276,0.034482759,0.310344828
Via Inn Asakusa,0.206896552,0.344827586,0.034482759,0.224137931,0.189655172
Shinagawa Tobu Hotel,0.20754717,0.377358491,0.113207547,0.037735849,0.264150943
Tokyo Hutte,0.20754717,0.377358491,0.037735849,0.113207547,0.264150943
Hotel Horidome Villa,0.208955224,0.298507463,0.164179104,0.029850746,0.298507463
First Cabin Atagoyama,0.209876543,0.24691358,0.24691358,0.049382716,0.24691358
Claska,0.210526316,0.526315789,0,0,0.263157895
Courtyard by Marriott Tokyo Station,0.210526316,0.210526316,0.157894737,0.210526316,0.210526316
FLEXSTAY INN Kiyosumi Shirakawa,0.210526316,0.526315789,0.026315789,0,0.236842105
Hotel Metropolitan Tokyo Marunouchi,0.210526316,0.210526316,0.157894737,0.210526316,0.210526316
Keio Plaza Hotel Tokyo,0.210526316,0.210526316,0.157894737,0.210526316,0.210526316
Pearl Hotel Yaesu,0.210526316,0.210526316,0.168421053,0.2,0.210526316
Kichijoji Daiichi Hotel,0.212765957,0.212765957,0.212765957,0.14893617,0.212765957
Meitetsu Inn Hamamatsucho,0.213114754,0.327868852,0.06557377,0.06557377,0.327868852
Marunouchi Hotel,0.215053763,0.215053763,0.161290323,0.193548387,0.215053763
The Tokyo Station Hotel,0.215053763,0.215053763,0.193548387,0.161290323,0.215053763
"The Prince Sakura Tower Tokyo, Autograph Collection",0.215384615,0.307692308,0.107692308,0.076923077,0.292307692
Nihonbashi Muromachi Bay Hotel,0.217391304,0.289855072,0.086956522,0.115942029,0.289855072
Sotetsu Fresa Inn Tokyo-Kyobashi,0.217391304,0.217391304,0.130434783,0.217391304,0.217391304
Grand Prince Hotel New Takanawa,0.218181818,0.363636364,0.109090909,0.036363636,0.272727273
Asakusa Hotel Hatago,0.21875,0.3125,0.046875,0.109375,0.3125
Tokyu Stay Yoga,0.219512195,0.487804878,0.073170732,0,0.219512195
Nishitetsu Inn Shinjuku,0.21978022,0.21978022,0.153846154,0.186813187,0.21978022
Daiwa Roynet Hotel Ginza,0.222222222,0.222222222,0.133333333,0.2,0.222222222
Hotel Sunroute Patio Omori,0.222222222,0.37037037,0.074074074,0.037037037,0.296296296
Super Hotel Shinagawa Aomono-Yokocho,0.224489796,0.408163265,0.040816327,0.040816327,0.285714286
Shinbashi Atagoyama Tokyu REI Hotel,0.225806452,0.322580645,0.064516129,0.064516129,0.322580645
Sotetsu Fresa Inn Hamamatsucho-Daimon,0.225806452,0.322580645,0.048387097,0.080645161,0.322580645
Emblem Hostel Nishiarai,0.227272727,0.454545455,0,0.090909091,0.227272727
Nagomi,0.227272727,0.303030303,0.121212121,0.166666667,0.181818182
Hotel Asia Center of Japan,0.228070175,0.350877193,0.087719298,0.052631579,0.280701754
Khaosan Tokyo Origami,0.228070175,0.350877193,0.052631579,0.192982456,0.175438596
Hotel Okura Tokyo Bay,0.230769231,0.692307692,0.038461538,0,0.038461538
Hotel Axas Nihonbashi,0.232142857,0.357142857,0.035714286,0.017857143,0.357142857
Hotel JAL City Haneda Tokyo West Wing,0.23255814,0.465116279,0.046511628,0,0.255813953
Hotel Rose Garden Shinjuku,0.23255814,0.23255814,0.139534884,0.162790698,0.23255814
APA Hotel Asakusa Kuramae,0.235294118,0.392156863,0.019607843,0.039215686,0.31372549
Hotel Chinzanso Tokyo,0.235294118,0.588235294,0,0.029411765,0.147058824
FLEXSTAY INN Shirogane,0.236842105,0.526315789,0,0.052631579,0.184210526
APA Hotel Tsukiji-eki Minami,0.237288136,0.338983051,0,0.084745763,0.338983051
Futakotamagawa Excel Hotel Tokyu,0.238095238,0.476190476,0.023809524,0.166666667,0.095238095
Hotel Palace Japan,0.238095238,0.476190476,0,0,0.285714286
APA Hotel Shintomicho-Ekimae,0.23880597,0.298507463,0.074626866,0.089552239,0.298507463
Toyoko Inn Tokyo Shinagawa Aomono Yokocho Eki,0.24,0.4,0.04,0,0.32
Hotel Emion Tokyo Bay,0.242424242,0.606060606,0,0.03030303,0.121212121
Japonica Lodge Asakusa,0.242424242,0.303030303,0.03030303,0.196969697,0.227272727
Hotel Hokke Inn Nihonbashi,0.242857143,0.285714286,0.157142857,0.028571429,0.285714286
Richmond Hotel Premier Tokyo Oshiage,0.245614035,0.350877193,0.035087719,0.105263158,0.263157895
Japanize Guest House,0.245901639,0.327868852,0.081967213,0.016393443,0.327868852
Shiba Park Hotel,0.245901639,0.327868852,0.049180328,0.049180328,0.327868852
Shiba Park Hotel 151,0.245901639,0.327868852,0.049180328,0.049180328,0.327868852
Concieria Azabu Juban,0.246376812,0.289855072,0.246376812,0,0.217391304
Super Hotel Shinagawa Shinbanba,0.25,0.5,0.025,0,0.225
Tokyo Bay Maihama Hotel,0.25,0.607142857,0.035714286,0,0.107142857
Ginza Creston,0.255813953,0.465116279,0,0,0.279069767
Pearl Hotel Kayabacho,0.25862069,0.344827586,0.034482759,0.017241379,0.344827586
Fukuwauchi,0.263157895,0.526315789,0,0,0.210526316
Urayasu Beaufort Hotel,0.265306122,0.408163265,0.102040816,0.020408163,0.204081633
Hotel Mielparque Tokyo,0.265625,0.3125,0.09375,0.015625,0.3125
Hilton Tokyo Bay,0.266666667,0.633333333,0.033333333,0,0.066666667
Hilton Tokyo Hotel,0.266666667,0.266666667,0.106666667,0.093333333,0.266666667
Hyatt Regency Tokyo,0.266666667,0.266666667,0.12,0.08,0.266666667
Wise Owl Hostels Tokyo,0.266666667,0.333333333,0.05,0.016666667,0.333333333
HOTEL MYSTAYS Haneda,0.268292683,0.487804878,0.024390244,0,0.219512195
Toyoko Inn Tokyo-eki Shin-Ohashi Mae,0.27027027,0.540540541,0,0.027027027,0.162162162
Grand Nishi Nippori First Guesthouse in Tokyo,0.270833333,0.416666667,0.020833333,0.104166667,0.1875
Tokyo Bay Ariake Washington Hotel,0.270833333,0.416666667,0,0.0625,0.25
Grand Prince Hotel Takanawa,0.272727273,0.363636364,0.090909091,0.036363636,0.236363636
Oriental Hotel Tokyo Bay,0.272727273,0.454545455,0.045454545,0.068181818,0.159090909
Tokyo Bay Maihama Hotel Club Resort,0.272727273,0.606060606,0.03030303,0,0.090909091
Tokyu Stay Tsukiji,0.275362319,0.289855072,0.014492754,0.130434783,0.289855072
Hotel JAL City Tamachi Tokyo,0.280701754,0.350877193,0.01754386,0.035087719,0.315789474
328 Hostel & Lounge,0.285714286,0.476190476,0.023809524,0,0.214285714
Park Hyatt Tokyo,0.285714286,0.285714286,0.042857143,0.1,0.285714286
Business Hotel Ban,0.289855072,0.289855072,0.014492754,0.115942029,0.289855072
APA Hotel Kodemmacho-ekimae,0.290322581,0.322580645,0.048387097,0.016129032,0.322580645
Sun Members Tokyo Shinjuku,0.294117647,0.294117647,0.044117647,0.073529412,0.294117647
Hotel Gracery Tamachi,0.295081967,0.327868852,0.016393443,0.032786885,0.327868852
Ginza Capital Hotel Main,0.296875,0.3125,0.03125,0.046875,0.3125
Haneda Excel Hotel Tokyu,0.29787234,0.425531915,0.14893617,0,0.127659574
Urayasu Brighton Hotel Tokyo Bay,0.304347826,0.434782609,0.043478261,0.065217391,0.152173913
Dai-ichi Hotel Tokyo Seafort,0.311111111,0.444444444,0.022222222,0.088888889,0.133333333
Celestine Hotel,0.3125,0.3125,0.03125,0.03125,0.3125
Zabutton hostel,0.333333333,0.333333333,0.083333333,0.016666667,0.233333333
Richmond Hotel Tokyo Musashino,0.377358491,0.377358491,0.037735849,0.018867925,0.188679245
HOTEL MYSTAYS Maihama,0.5,0.416666667,0,0,0.083333333
Train Hostel HOKUTOSEI,0.666666667,0.222222222,0,0.111111111,0
MYSTAYS Shin Urayasu Conference Center,0.714285714,0.285714286,0,0,0
Aizuya Inn,0.276595745,0.425531915,0,0,0.29787234
APA Hotel Hatchobori-eki Minami,0.276923077,0.307692308,0.061538462,0.046153846,0.307692308
APA Hotel Iidabashi Ekimae,0.096153846,0.384615385,0.076923077,0.057692308,0.384615385
APA Hotel Keisei Ueno Ekimae,0.166666667,0.208333333,0.208333333,0.208333333,0.208333333
APA Hotel Nihombashi Hamacho-eki Minami,0.25,0.555555556,0,0.027777778,0.166666667
APA Hotel Ningyocho-eki Kita,0.222222222,0.277777778,0.208333333,0.013888889,0.277777778
APA Hotel Roppongi-Ichome Ekimae,0.136363636,0.303030303,0.303030303,0.045454545,0.212121212
APA Hotel Shibuya Dogenzakaue,0.151162791,0.23255814,0.23255814,0.151162791,0.23255814
APA Hotel Shinagawa Sengakuji Eki-Mae,0.142857143,0.571428571,0,0.085714286,0.2
APA Hotel Shintomicho-Ekikita,0.196721311,0.327868852,0.081967213,0.06557377,0.327868852
APA Hotel Sugamo Ekimae,0.076923077,0.384615385,0.269230769,0.038461538,0.230769231
APA Hotel TKP Nippori Ekimae,0.096153846,0.384615385,0.230769231,0,0.288461538
APA Hotel Tokyo Shiomi Ekimae,0.260869565,0.52173913,0,0.043478261,0.173913043
Araiya,0.131578947,0.526315789,0,0.078947368,0.263157895
Ark Hotel Tokyo Ikebukuro,0.183673469,0.204081633,0.204081633,0.204081633,0.204081633
Asakusa Hostel Toukaisou,0.125,0.25,0.15,0.25,0.225
Ascott Marunouchi Tokyo,0.114754098,0.327868852,0.049180328,0.180327869,0.327868852
Best Western Tokyo Nishikasai Grande,0.14516129,0.322580645,0.193548387,0.016129032,0.322580645
Book And Bed Tokyo,0.139784946,0.215053763,0.215053763,0.215053763,0.215053763
Capsule Hotel & Sauna Ikebukuro Plaza,0.117647059,0.235294118,0.235294118,0.176470588,0.235294118
Capsule Hotel Anshin Oyado Shinbashi,0.2,0.2,0.2,0.2,0.2
Capsule Hotel Shibuya,0.2,0.2,0.2,0.2,0.2
Capsule Inn Kinshicho,0.139534884,0.23255814,0.23255814,0.162790698,0.23255814
Capsulevalue Kanda,0.126582278,0.253164557,0.253164557,0.113924051,0.253164557
Centurion Hotel Grand Akasaka,0.155844156,0.25974026,0.25974026,0.064935065,0.25974026
Centurion Hotel Residential Cabin Tower,0.155844156,0.25974026,0.25974026,0.064935065,0.25974026
Centurion Hotel Ueno,0.157894737,0.210526316,0.210526316,0.210526316,0.210526316
Cerulean Tower Tokyu Hotel,0.2,0.2,0.2,0.2,0.2
Chisun Inn Kamata,0.171052632,0.263157895,0.263157895,0.039473684,0.263157895
Chiyoda Inn,0.285714286,0.408163265,0,0.040816327,0.265306122
Citadines Central Shinjuku Tokyo,0.175257732,0.206185567,0.206185567,0.206185567,0.206185567
Comfort Hotel Tokyo Higashi Nihombashi,0.171875,0.3125,0.1875,0.015625,0.3125
commun SHIBUYA (Male Only),0.217391304,0.217391304,0.217391304,0.130434783,0.217391304
Concieria Shimbashi CROSSIA,0.162790698,0.23255814,0.23255814,0.139534884,0.23255814
COTO Tokyo Shibuya,0.131578947,0.526315789,0.026315789,0,0.315789474
COTO Tokyo Yui Asakusa,0.115384615,0.256410256,0.153846154,0.256410256,0.217948718
E Hotel Higashi Shinjuku,0.105263158,0.263157895,0.263157895,0.105263158,0.263157895
First Cabin Akasaka,0.121621622,0.27027027,0.27027027,0.067567568,0.27027027
FLEXSTAY INN Iidabashi,0.120689655,0.344827586,0.086206897,0.103448276,0.344827586
G'inn,0.1875,0.25,0.0625,0.25,0.25
Global Cabin Gotanda,0.074626866,0.298507463,0.298507463,0.044776119,0.28358209
Grand Residence Nakameguro,0.098360656,0.327868852,0.213114754,0.114754098,0.245901639
GRIDS AKIHABARA HOTEL & HOSTEL,0.114285714,0.285714286,0.285714286,0.028571429,0.285714286
GUEST HOUSE KAMATA1,0.16,0.266666667,0.266666667,0.04,0.266666667
Harumi Grand Hotel,0.128205128,0.512820513,0,0.025641026,0.333333333
Hostel Azalea,0.111111111,0.444444444,0.111111111,0,0.333333333
Hotel 3000 Jyuraku,0.15,0.25,0.1625,0.25,0.1875
Hotel Amanek Ginza East,0.230769231,0.307692308,0.046153846,0.107692308,0.307692308
HOTEL Guest1 Ueno Ekimae,0.2,0.2,0.2,0.2,0.2
Hotel Hikari,0.209302326,0.465116279,0,0,0.325581395
Hotel Hokke Club Asakusa,0.203703704,0.37037037,0.037037037,0.037037037,0.351851852
Hotel Mandarin,0.25,0.357142857,0.089285714,0.107142857,0.196428571
Hotel Metropolitan Tokyo Ikebukuro,0.144444444,0.222222222,0.222222222,0.188888889,0.222222222
HOTEL MYSTAYS Asakusa,0.2,0.5,0.025,0.025,0.25
HOTEL MYSTAYS Hamamatsucho,0.213114754,0.327868852,0.06557377,0.06557377,0.327868852
HOTEL MYSTAYS Kamata,0.133333333,0.266666667,0.266666667,0.066666667,0.266666667
HOTEL MYSTAYS Ochanomizu Conference Center,0.111111111,0.222222222,0.222222222,0.222222222,0.222222222
HOTEL MYSTAYS PREMIER Hamamatsucho,0.213114754,0.327868852,0.049180328,0.081967213,0.327868852
Hotel New Koyo,0.25,0.454545455,0.045454545,0,0.25
Hotel New Otani Tokyo Garden Tower,0.150943396,0.377358491,0.075471698,0.018867925,0.377358491
Hotel New Ueno,0.102272727,0.227272727,0.215909091,0.227272727,0.227272727
Hotel Nihonbashi Saibo,0.125,0.3125,0.234375,0.015625,0.3125
Hotel Okura Tokyo,0.222222222,0.317460317,0.031746032,0.111111111,0.317460317
Hotel Shimbashi Sambankan,0.19047619,0.238095238,0.238095238,0.095238095,0.238095238
Hotel Shirobara Inn Asakusa,0.125,0.25,0.15,0.25,0.225
Hotel Sunline Kamata,0.097222222,0.277777778,0.277777778,0.069444444,0.277777778
Hotel Sunroute Ginza,0.162790698,0.23255814,0.162790698,0.209302326,0.23255814
HOTEL VARKIN (Adult Only),0.146341463,0.243902439,0.243902439,0.12195122,0.243902439
Hotel Villa Fontaine Tokyo-Jimbocho,0.105263158,0.350877193,0.087719298,0.105263158,0.350877193
Hotel Villa Fontaine Tokyo-Kayabacho,0.236363636,0.363636364,0.018181818,0.018181818,0.363636364
Hotel Villa Fontaine Tokyo-Ueno Okachimachi,0.086956522,0.434782609,0,0.130434783,0.347826087
Hotel Wing International Korakuen,0.240740741,0.37037037,0,0.12962963,0.259259259
Hotel Yanagibashi,0.092592593,0.37037037,0.166666667,0,0.37037037
H-Seven Ohtsuka (Adult Only),0.051724138,0.344827586,0.206896552,0.051724138,0.344827586
Ikidane House,0.142857143,0.571428571,0.057142857,0.057142857,0.171428571
Imano Tokyo Hostel,0.14893617,0.212765957,0.212765957,0.212765957,0.212765957
Juyoh Hotel,0.26,0.4,0,0,0.34
Kagaribi Kitasenjyu Guesthouse,0.101449275,0.289855072,0.289855072,0.043478261,0.275362319
Kangaroo Hotel,0.229166667,0.416666667,0.041666667,0,0.3125
Kiki House 1,0.191780822,0.273972603,0.082191781,0.178082192,0.273972603
Kimi Ryokan,0.1,0.25,0.25,0.15,0.25
Kitsune Shippo,0.236363636,0.363636364,0.018181818,0.181818182,0.2
Koraku Garden Hotel,0.055555556,0.37037037,0.111111111,0.092592593,0.37037037
K's House Tokyo - Backpackers Hostel,0.173913043,0.434782609,0.043478261,0.02173913,0.326086957
Mizue Dai-ichi Hotel,0.127659574,0.425531915,0.085106383,0.021276596,0.340425532
M's House 02,0.307692308,0.384615385,0.076923077,0.019230769,0.211538462
Nishitetsu Inn Nihonbashi,0.154929577,0.281690141,0.225352113,0.056338028,0.281690141
Oakwood Premier Tokyo,0.21978022,0.21978022,0.153846154,0.186813187,0.21978022
Ochanomizu Inn,0.092105263,0.263157895,0.171052632,0.210526316,0.263157895
Odakyu Hotel Century Southern Tower,0.2,0.2,0.2,0.2,0.2
Otsuka City Hotel,0.083333333,0.333333333,0.2,0.05,0.333333333
Royal Park Hotel The Haneda,0.19047619,0.476190476,0.261904762,0,0.071428571
Ryogoku View Hotel,0.25,0.5,0.05,0,0.2
Ryokan & Spa Shizuku,0.1875,0.625,0,0.03125,0.15625
Ryokan Katsutaro,0.148148148,0.740740741,0,0,0.111111111
Sakura Hotel Ikebukuro,0.097560976,0.243902439,0.243902439,0.170731707,0.243902439
Sauna and Capsule Hotel Dandy (Male Only),0.166666667,0.208333333,0.208333333,0.208333333,0.208333333
"Shangri-La Hotel, Tokyo",0.217391304,0.217391304,0.163043478,0.184782609,0.217391304
Shinjuku East Hotel,0.081395349,0.23255814,0.23255814,0.220930233,0.23255814
Shinjuku Granbell Hotel,0.090909091,0.227272727,0.227272727,0.227272727,0.227272727
Shinjuku Prince Hotel,0.2,0.2,0.2,0.2,0.2
Shinjuku Washington Hotel,0.243902439,0.243902439,0.097560976,0.170731707,0.243902439
Shinnakano,0.217391304,0.434782609,0.02173913,0,0.326086957
Shin-Okubo City Hotel,0.0875,0.25,0.25,0.1625,0.25
Smile Hotel Nihombashi Mitsukoshimae,0.222222222,0.277777778,0.083333333,0.138888889,0.277777778
Smile Hotel Sugamo,0.096153846,0.384615385,0.25,0.038461538,0.230769231
Sotetsu Fresa Inn Nihombashi Kayabacho,0.203703704,0.37037037,0.018518519,0.037037037,0.37037037
Sotetsu Fresa Inn Shimbashi Hibiyaguchi,0.152173913,0.217391304,0.217391304,0.195652174,0.217391304
Spa & Capsule Hotel GrandPark-Inn Sugamo,0.094339623,0.377358491,0.245283019,0.037735849,0.245283019
Space Hostel Tokyo,0.1,0.5,0,0.05,0.35
Star Inn,0.234567901,0.24691358,0.024691358,0.24691358,0.24691358
Suidobashi Grand Hotel,0.20754717,0.377358491,0,0.132075472,0.283018868
Super Hotel Ueno-Okachimachi,0.111111111,0.222222222,0.222222222,0.222222222,0.222222222
the b sangenjaya,0.192982456,0.350877193,0.070175439,0.035087719,0.350877193
Tokyo Ueno New Izu Hotel,0.14893617,0.212765957,0.212765957,0.212765957,0.212765957
Tokyo Ueno Youth Hostel,0.125,0.227272727,0.227272727,0.193181818,0.227272727
Tokyu Stay Shibuya Shin-Minamiguchi,0.180722892,0.240963855,0.240963855,0.096385542,0.240963855
Toyoko Inn Tokyo Haneda Kuko No.1,0.214285714,0.476190476,0.023809524,0,0.285714286
Toyoko Inn Tokyo Haneda Kuko No.2,0.219512195,0.487804878,0.024390244,0,0.268292683
Toyoko Inn Tokyo Monzen-Nakacho Eitaibashi,0.139534884,0.465116279,0.023255814,0.023255814,0.348837209
Toyoko Inn Tokyo Nihombashi Ningyocho,0.197183099,0.281690141,0.211267606,0.028169014,0.281690141
Toyoko Inn Tokyo Shinagawa Hatanodai-eki Minami-guchi,0.1,0.5,0,0,0.4
Toyoko Inn Tokyo Shinagawa Oimachi,0.121212121,0.303030303,0.181818182,0.090909091,0.303030303
Toyoko Inn Tokyo Shinjuku Kabuki-cho,0.090909091,0.227272727,0.227272727,0.227272727,0.227272727
Toyoko Inn Tokyo Yamanote-sen Otsuka-eki Kita-guchi No.2,0.06557377,0.327868852,0.196721311,0.081967213,0.327868852
Ueno Hotel,0.0625,0.416666667,0.020833333,0.083333333,0.416666667
Ueno Touganeya Hotel,0.14893617,0.212765957,0.212765957,0.212765957,0.212765957
Vessel Inn Ueno Iriya Ekimae,0.170731707,0.487804878,0.024390244,0,0.317073171
Yadoya Guest House Green,0.166666667,0.333333333,0.166666667,0.066666667,0.266666667
