user_id,hotel_name,rating,price,trip_type,companion,star,district,destination
,5footway.inn Project Ann Siang,4,0.008646241,leisure,solo,2,Chinatown, Singapore
,5footway.inn Project Ann Siang,4,0.008646241,business,solo,2,Chinatown, Singapore
,5footway.inn Project Boat Quay,3,0.042985573,business,family,1,Boat Quay, Singapore
,5footway.inn Project Boat Quay,3,0.045392765,business,friend,1,Boat Quay, Singapore
,5footway.inn Project Boat Quay,3,0.007041446,leisure,solo,1,Boat Quay, Singapore
,5footway.inn Project Boat Quay,3,0.042985573,leisure,family,1,Boat Quay, Singapore
,5footway.inn Project Boat Quay,3,0.045392765,leisure,friend,1,Boat Quay, Singapore
,5footway.inn Project Boat Quay,3,0.007041446,business,solo,1,Boat Quay, Singapore
,5footway.inn Project Chinatown 1,3,0.006239049,leisure,solo,1,Chinatown, Singapore
,5footway.inn Project Chinatown 1,3,0.042952822,business,family,1,Chinatown, Singapore
,5footway.inn Project Chinatown 1,3,0.006239049,business,solo,1,Chinatown, Singapore
,5footway.inn Project Chinatown 2,3,0.042985573,business,family,1,Chinatown, Singapore
,60s hostel,4,0.059688539,business,couple,1,Lavender, Singapore
,60s hostel,4,0.059688539,leisure,couple,1,Lavender, Singapore
,7 Wonders Boutique Capsule,4,0.121014623,leisure,family,2,Lavender, Singapore
,7 Wonders Boutique Capsule,4,0.005764161,leisure,solo,2,Lavender, Singapore
,7 Wonders Boutique Capsule,4,0.121014623,business,family,2,Lavender, Singapore
,85 Beach Garden Hotel,3,0.027183258,business,family,2,Singapore,0
,85 Beach Garden Hotel,3,0.025955098,business,couple,2,Singapore,0
,85 Beach Garden Hotel,3,0.025955098,leisure,solo,2,Singapore,0
,85 Beach Garden Hotel,3,0.025955098,business,solo,2,Singapore,0
,85 Beach Garden Hotel,3,0.025955098,leisure,couple,2,Singapore,0
,ABC Premium Hostel,4,0.018799024,leisure,couple,1,Singapore,0
,ABC Premium Hostel,4,0.018799024,business,couple,1,Singapore,0
,ABC Premium Hostel,4,0.004486875,leisure,solo,1,Singapore,0
,ABC Premium Hostel,4,0.004486875,business,solo,1,Singapore,0
,AMOY by Far East Hospitality,5,0.215042494,business,friend,4,Marina Bay, Singapore
,AMOY by Far East Hospitality,5,0.215042494,leisure,friend,4,Marina Bay, Singapore
,Adamson Inn,4,0.009808898,business,solo,1,Kampong Glam, Singapore
,Adamson Inn,4,0.049453879,business,family,1,Kampong Glam, Singapore
,Adamson Inn,4,0.009808898,leisure,solo,1,Kampong Glam, Singapore
,Aljunied@SG,3,0.018799024,business,couple,1,Singapore,0
,Aljunied@SG,3,0.030654855,leisure,friend,1,Singapore,0
,Aljunied@SG,3,0.018799024,leisure,couple,1,Singapore,0
,Amara Sanctuary Resort Sentosa,3.5,0.180293776,business,family,5,Sentosa Island, Singapore
,Amara Sanctuary Resort Sentosa,3.5,0.095861922,business,couple,5,Sentosa Island, Singapore
,Amara Sanctuary Resort Sentosa,3.5,0.180293776,leisure,family,5,Sentosa Island, Singapore
,Amara Sanctuary Resort Sentosa,3.5,0.095861922,leisure,couple,5,Sentosa Island, Singapore
,Amara Singapore,4,0.088296461,business,family,4,Singapore,0
,Amara Singapore,4,0.064797681,leisure,solo,4,Singapore,0
,Amara Singapore,4,0.064797681,business,solo,4,Singapore,0
,Amara Singapore,4,0.064797681,business,couple,4,Singapore,0
,Ambassador Transit Hotel - Terminal 2,4,0.039235594,leisure,couple,3,Singapore,0
,Ambassador Transit Hotel - Terminal 2,4,0.016752092,leisure,solo,3,Singapore,0
,Ambassador Transit Hotel - Terminal 2,4,0.039235594,business,couple,3,Singapore,0
,Amber Hotel Katong,4,0.031064241,business,solo,2,Katong, Singapore
,Amber Hotel Katong,4,0.031064241,leisure,solo,2,Katong, Singapore
,Amrise Hotel,2,0.011986834,business,solo,2,Singapore,0
,Amrise Hotel,2,0.011986834,leisure,couple,2,Singapore,0
,Amrise Hotel,2,0.011986834,business,couple,2,Singapore,0
,Aqueen Heritage Hotel Joo Chiat,4,0.076031244,leisure,friend,3,Singapore,0
,Aqueen Heritage Hotel Joo Chiat,4,0.035158105,business,solo,3,Singapore,0
,Aqueen Heritage Hotel Joo Chiat,4,0.076031244,business,friend,3,Singapore,0
,Aqueen Heritage Hotel Joo Chiat,4,0.035158105,leisure,solo,3,Singapore,0
,Aqueen Hotel Balestier,4,0.034126451,business,couple,3,Novena, Singapore
,Aqueen Hotel Balestier,4,0.034126451,leisure,couple,3,Novena, Singapore
,Aqueen Hotel Balestier,4,0.024923445,leisure,solo,3,Novena, Singapore
,Aqueen Hotel Balestier,4,0.024923445,business,solo,3,Novena, Singapore
,Aqueen Hotel Paya Lebar,4,0.100561678,business,family,3,Singapore,0
,Aqueen Hotel Paya Lebar,4,0.100561678,leisure,family,3,Singapore,0
,Aqueen Hotel Paya Lebar,4,0.047423322,leisure,couple,3,Singapore,0
,Aqueen Hotel Paya Lebar,4,0.047423322,business,couple,3,Singapore,0
,Aqueen Jalan Besar Hotel,3,0.048242095,business,solo,3,Lavender, Singapore
,Aqueen Jalan Besar Hotel,3,0.048242095,leisure,couple,3,Lavender, Singapore
,Aqueen Jalan Besar Hotel,3,0.048242095,business,couple,3,Lavender, Singapore
,Aqueen Jalan Besar Hotel,3,0.055594675,leisure,family,3,Lavender, Singapore
,Aqueen Jalan Besar Hotel,3,0.055594675,business,family,3,Lavender, Singapore
,Arena Suites,3,0.071134983,leisure,couple,3,Singapore,0
,Arena Suites,3,0.147985,leisure,friend,3,Singapore,0
,Arena Suites,3,0.147985,business,friend,3,Singapore,0
,Arena Suites,3,0.071134983,business,family,3,Singapore,0
,Arena Suites,3,0.071134983,business,solo,3,Singapore,0
,Arena Suites,3,0.071134983,leisure,solo,3,Singapore,0
,Arena Suites,3,0.071134983,business,couple,3,Singapore,0
,Arianna Hotel,1.5,0.02043657,leisure,couple,2,Little India, Singapore
,Arianna Hotel,1.5,0.046604549,leisure,friend,2,Little India, Singapore
,Arianna Hotel,1.5,0.046604549,business,friend,2,Little India, Singapore
,Ark Hostel,4.5,0.043329458,business,family,1,Singapore,0
,Arton Boutique Hotel,4,0.038040185,leisure,solo,3,Lavender, Singapore
,Arton Boutique Hotel,4,0.038040185,business,solo,3,Lavender, Singapore
,Ascott Orchard Singapore,5,0.300899013,business,friend,5,Orchard, Singapore
,Ascott Orchard Singapore,5,0.12019585,business,couple,5,Orchard, Singapore
,Ascott Orchard Singapore,5,0.300899013,leisure,friend,5,Orchard, Singapore
,Ascott Raffles Place Singapore,5,0.321335582,leisure,friend,5,Marina Bay, Singapore
,Ascott Raffles Place Singapore,5,0.321335582,business,friend,5,Marina Bay, Singapore
,Asphodel Inn,3,0.027265135,leisure,couple,2,Lavender, Singapore
,Asphodel Inn,3,0.027265135,business,couple,2,Lavender, Singapore
,Asphodel Inn,3,0.027265135,business,solo,2,Lavender, Singapore
,Backpackers@SG,4,0.012265217,leisure,couple,1,Lavender, Singapore
,Backpackers@SG,4,0.012265217,business,couple,1,Lavender, Singapore
,Backpackers@SG,4,0.038416821,business,family,1,Lavender, Singapore
,Backpackers@SG,4,0.038416821,business,friend,1,Lavender, Singapore
,Backpackers@SG,4,0.038416821,leisure,friend,1,Lavender, Singapore
,Bay Hotel Singapore,4,0.082172041,leisure,family,4,Singapore,0
,Bay Hotel Singapore,4,0.0645848,business,solo,4,Singapore,0
,Bay Hotel Singapore,4,0.0645848,leisure,solo,4,Singapore,0
,Bay Hotel Singapore,4,0.082172041,business,family,4,Singapore,0
,Beach Hotel Singapore,3,0.032226898,leisure,couple,2,Singapore,0
,Beach Hotel Singapore,3,0.032226898,business,couple,2,Singapore,0
,Beary Best! by a beary good hostel,4,0.031146118,leisure,couple,1,Chinatown, Singapore
,Beary Best! by a beary good hostel,4,0.031146118,business,couple,1,Chinatown, Singapore
,Beds and Dreams Inn @ Chinatown 1,4,0.061309709,leisure,friend,2,Chinatown, Singapore
,Beds and Dreams Inn @ Chinatown 1,4,0.061309709,business,friend,2,Chinatown, Singapore
,Beds and Dreams Inn @ Chinatown 1,4,0.061309709,business,couple,2,Chinatown, Singapore
,Betel Box Backpackers Hostel,4,0.002439943,leisure,solo,1,Katong, Singapore
,Betel Box Backpackers Hostel,4,0.002439943,business,solo,1,Katong, Singapore
,Betel Box Backpackers Hostel,4,0.010627671,business,couple,1,Katong, Singapore
,Blanc Inn,4,0.016113449,leisure,solo,2,Lavender, Singapore
,Blanc Inn,4,0.016113449,business,solo,2,Lavender, Singapore
,Bliss Hotel Singapore,4,0.112712267,leisure,friend,3,Chinatown, Singapore
,Bliss Hotel Singapore,4,0.112712267,business,friend,3,Chinatown, Singapore
,Blissful Loft,3,0.016129825,business,couple,1,Boat Quay, Singapore
,Blissful Loft,3,0.016129825,leisure,couple,1,Boat Quay, Singapore
,Box Capsule Hostel,4,0.047996463,leisure,friend,1,Chinatown, Singapore
,Box Capsule Hostel,4,0.00825323,leisure,solo,1,Chinatown, Singapore
,Box Capsule Hostel,4,0.047996463,business,friend,1,Chinatown, Singapore
,Bright Star Hotel,3,0.024841567,business,solo,2,Singapore,0
,Bright Star Hotel,3,0.024841567,leisure,solo,2,Singapore,0
,Bunc Hostel,4,0.020174562,business,couple,2,Little India, Singapore
,Bunc Hostel,4,0.020174562,leisure,couple,2,Little India, Singapore
,Bunc Hostel,4,0.003618976,business,solo,2,Little India, Singapore
,Bunc Hostel,4,0.003618976,leisure,solo,2,Little India, Singapore
,Bunc Hostel,4,0.05759248,business,family,2,Little India, Singapore
,Burrow Hostel @ Smith,4.5,0.01650646,business,couple,1,Chinatown, Singapore
,Burrow Hostel @ Smith,4.5,0.043493212,business,friend,1,Chinatown, Singapore
,Burrow Hostel @ Smith,4.5,0.01650646,leisure,couple,1,Chinatown, Singapore
,Burrow Hostel @ Smith,4.5,0.043493212,leisure,friend,1,Chinatown, Singapore
,Carlton City Hotel Singapore,5,0.161887763,business,family,5,Chinatown, Singapore
,Carlton Hotel Singapore,5,0.10260861,business,family,5,City Hall, Singapore
,Central 65 Hostel,3,0.004077489,business,solo,1,Singapore,0
,Central 65 Hostel,3,0.076031244,leisure,couple,1,Singapore,0
,Central 65 Hostel,3,0.076031244,business,couple,1,Singapore,0
,Central 65 Hostel,3,0.004077489,leisure,solo,1,Singapore,0
,Champion Hotel,4,0.068089148,business,friend,3,Katong, Singapore
,Champion Hotel,4,0.068089148,leisure,friend,3,Katong, Singapore
,Champion Hotel,4,0.024677813,business,solo,3,Katong, Singapore
,Champion Hotel,4,0.024677813,leisure,solo,3,Katong, Singapore
,Changi Cove,4,0.038416821,business,solo,4,Singapore,0
,Changi Cove,4,0.038416821,leisure,solo,4,Singapore,0
,Changi Cove,4,0.082581427,business,friend,4,Singapore,0
,Checkers Backpackers,3,0.038416821,business,friend,1,Little India, Singapore
,Checkers Backpackers,3,0.030245468,business,couple,1,Little India, Singapore
,Checkers Backpackers,3,0.030245468,leisure,couple,1,Little India, Singapore
,Checkers Backpackers,3,0.038416821,leisure,friend,1,Little India, Singapore
,Chinatown Hotel,3,0.048536853,leisure,family,3,Chinatown, Singapore
,Chinatown Hotel,3,0.048536853,business,family,3,Chinatown, Singapore
,Chinatown Hotel,3,0.037679925,leisure,couple,3,Chinatown, Singapore
,Chinatown Hotel,3,0.037679925,business,couple,3,Chinatown, Singapore
,City Backpackers @ Hongkong Street,3,0.001375538,business,solo,1,Boat Quay, Singapore
,City Backpackers @ Hongkong Street,3,0.001375538,leisure,solo,1,Boat Quay, Singapore
,City Backpackers @ Hongkong Street,3,0.034257455,business,friend,1,Boat Quay, Singapore
,City Backpackers @ Hongkong Street,3,0.034257455,leisure,friend,1,Boat Quay, Singapore
,Classique Hotel,3,0.02205774,leisure,couple,3,Lavender, Singapore
,Classique Hotel,3,0.02205774,business,couple,3,Lavender, Singapore
,Copthorne King's Hotel,4,0.091571553,leisure,family,4,Robertson Quay, Singapore
,Copthorne King's Hotel,4,0.062292236,leisure,solo,4,Robertson Quay, Singapore
,Copthorne King's Hotel,4,0.091571553,business,family,4,Robertson Quay, Singapore
,Copthorne King's Hotel,4,0.062292236,business,solo,4,Robertson Quay, Singapore
,Coziee Lodge,4,0.022811011,leisure,friend,1,Singapore,0
,Coziee Lodge,4,0.022811011,business,friend,1,Singapore,0
,Coziee Lodge,4,0.008531613,business,couple,1,Singapore,0
,Coziee Lodge,4,0.001408289,leisure,solo,1,Singapore,0
,Coziee Lodge,4,0.008531613,leisure,couple,1,Singapore,0
,Coziee Lodge,4,0.001408289,business,solo,1,Singapore,0
,D'Kranji Farm Resort,3,0.116920759,leisure,friend,3,Singapore,0
,D'Kranji Farm Resort,3,0.055594675,business,solo,3,Singapore,0
,D'Kranji Farm Resort,3,0.116920759,business,friend,3,Singapore,0
,D'Kranji Farm Resort,3,0.055594675,leisure,solo,3,Singapore,0
,D'Resort @ Downtown East,4,0.059279152,leisure,family,3,Singapore,0
,D'Resort @ Downtown East,4,0.059279152,business,family,3,Singapore,0
,D'Resort @ Downtown East,4,0.067859892,leisure,friend,3,Singapore,0
,Days Hotel Singapore at Zhongshan Park,4,0.046391668,business,solo,3,Novena, Singapore
,Days Hotel Singapore at Zhongshan Park,4,0.046391668,leisure,couple,3,Novena, Singapore
,Days Hotel Singapore at Zhongshan Park,4,0.046391668,business,couple,3,Novena, Singapore
,Days Hotel Singapore at Zhongshan Park,4,0.046391668,leisure,solo,3,Novena, Singapore
,Dorsett Singapore,4,0.074393699,leisure,solo,4,Chinatown, Singapore
,Dorsett Singapore,4,0.074393699,business,solo,4,Chinatown, Singapore
,Dorsett Singapore,4,0.204824209,business,friend,4,Chinatown, Singapore
,Dorsett Singapore,4,0.204824209,leisure,friend,4,Chinatown, Singapore
,Dream Lodge,5,0.053957129,leisure,friend,No preference,Lavender, Singapore
,Dream Lodge,5,0.053957129,business,friend,No preference,Lavender, Singapore
,Five Stones Hostel,4,0.029017309,leisure,couple,1,Kampong Glam, Singapore
,Five Stones Hostel,4,0.029017309,business,couple,1,Kampong Glam, Singapore
,"Footprints Hostel, Singapore",4,0.038416821,leisure,couple,1,Little India, Singapore
,"Footprints Hostel, Singapore",4,0.003258716,business,solo,1,Little India, Singapore
,"Footprints Hostel, Singapore",4,0.038416821,business,couple,1,Little India, Singapore
,"Footprints Hostel, Singapore",4,0.003258716,leisure,solo,1,Little India, Singapore
,Fort Canning Lodge,3,0.053858876,leisure,solo,3,Dhoby Ghaut, Singapore
,Fort Canning Lodge,3,0.053858876,business,solo,3,Dhoby Ghaut, Singapore
,"Four Points by Sheraton Singapore, Riverview",4,0.054775902,business,solo,4,Robertson Quay, Singapore
,Four Seasons Hotel Singapore,5,0.204414823,leisure,family,5,Orchard, Singapore
,Four Seasons Hotel Singapore,5,0.204414823,business,family,5,Orchard, Singapore
,Fragrance Hotel - Balestier,3.5,0.035927751,leisure,family,2,Novena, Singapore
,Fragrance Hotel - Balestier,3.5,0.025512961,business,solo,2,Novena, Singapore
,Fragrance Hotel - Balestier,3.5,0.025512961,business,couple,2,Novena, Singapore
,Fragrance Hotel - Balestier,3.5,0.056740957,business,friend,2,Novena, Singapore
,Fragrance Hotel - Balestier,3.5,0.025512961,leisure,solo,2,Novena, Singapore
,Fragrance Hotel - Balestier,3.5,0.025512961,leisure,couple,2,Novena, Singapore
,Fragrance Hotel - Balestier,3.5,0.056740957,leisure,friend,2,Novena, Singapore
,Fragrance Hotel - Balestier,3.5,0.035927751,business,family,2,Novena, Singapore
,Fragrance Hotel - Bugis,3,0.0304911,leisure,solo,2,Singapore,0
,Fragrance Hotel - Bugis,3,0.042559811,business,family,2,Singapore,0
,Fragrance Hotel - Bugis,3,0.0304911,business,solo,2,Singapore,0
,Fragrance Hotel - Bugis,3,0.066697234,business,friend,2,Singapore,0
,Fragrance Hotel - Classic,3,0.030572977,leisure,solo,2,Novena, Singapore
,Fragrance Hotel - Classic,3,0.030572977,business,couple,2,Novena, Singapore
,Fragrance Hotel - Classic,3,0.030572977,business,solo,2,Novena, Singapore
,Fragrance Hotel - Classic,3,0.030572977,business,family,2,Novena, Singapore
,Fragrance Hotel - Crystal,3,0.028280413,business,family,2,Singapore,0
,Fragrance Hotel - Crystal,3,0.051730067,business,friend,2,Singapore,0
,Fragrance Hotel - Crystal,3,0.028280413,leisure,family,2,Singapore,0
,Fragrance Hotel - Crystal,3,0.021468223,leisure,couple,2,Singapore,0
,Fragrance Hotel - Crystal,3,0.021468223,business,couple,2,Singapore,0
,Fragrance Hotel - Crystal,3,0.021468223,leisure,solo,2,Singapore,0
,Fragrance Hotel - Crystal,3,0.051730067,leisure,friend,2,Singapore,0
,Fragrance Hotel - Crystal,3,0.021468223,business,solo,2,Singapore,0
,Fragrance Hotel - Emerald,3,0.066418851,business,friend,2,Singapore,0
,Fragrance Hotel - Emerald,3,0.030343721,business,couple,2,Singapore,0
,Fragrance Hotel - Emerald,3,0.030343721,leisure,couple,2,Singapore,0
,Fragrance Hotel - Imperial,3,0.033094798,business,solo,3,Lavender, Singapore
,Fragrance Hotel - Imperial,3,0.046031408,business,family,3,Lavender, Singapore
,Fragrance Hotel - Imperial,3,0.033094798,business,couple,3,Lavender, Singapore
,Fragrance Hotel - Imperial,3,0.033094798,leisure,couple,3,Lavender, Singapore
,Fragrance Hotel - Imperial,3,0.033094798,leisure,solo,3,Lavender, Singapore
,Fragrance Hotel - Kovan,2.5,0.043558714,leisure,couple,2,Singapore,0
,Fragrance Hotel - Kovan,2.5,0.043558714,business,couple,2,Singapore,0
,Fragrance Hotel - Kovan,2.5,0.092848838,leisure,friend,2,Singapore,0
,Fragrance Hotel - Kovan,2.5,0.092848838,business,friend,2,Singapore,0
,Fragrance Hotel - Kovan,2.5,0.043558714,business,solo,2,Singapore,0
,Fragrance Hotel - Lavender,2,0.051206052,business,family,2,Lavender, Singapore
,Fragrance Hotel - Lavender,2,0.108143515,business,friend,2,Lavender, Singapore
,Fragrance Hotel - Lavender,2,0.108143515,leisure,friend,2,Lavender, Singapore
,Fragrance Hotel - Lavender,2,0.051206052,business,solo,2,Lavender, Singapore
,Fragrance Hotel - Oasis,3,0.032488906,leisure,family,2,Novena, Singapore
,Fragrance Hotel - Oasis,3,0.022925639,business,solo,2,Novena, Singapore
,Fragrance Hotel - Oasis,3,0.022925639,leisure,solo,2,Novena, Singapore
,Fragrance Hotel - Ocean View,3,0.047390571,leisure,couple,2,Singapore,0
,Fragrance Hotel - Ocean View,3,0.047390571,business,couple,2,Singapore,0
,Fragrance Hotel - Ocean View,3,0.047390571,business,solo,2,Singapore,0
,Fragrance Hotel - Ocean View,3,0.047390571,leisure,solo,2,Singapore,0
,Fragrance Hotel - Riverside,3,0.038302193,leisure,couple,3,Boat Quay, Singapore
,Fragrance Hotel - Riverside,3,0.052974602,business,family,3,Boat Quay, Singapore
,Fragrance Hotel - Riverside,3,0.038302193,business,solo,3,Boat Quay, Singapore
,Fragrance Hotel - Riverside,3,0.038302193,business,couple,3,Boat Quay, Singapore
,Fragrance Hotel - Riverside,3,0.038302193,leisure,solo,3,Boat Quay, Singapore
,Fragrance Hotel - Royal,3,0.034110076,business,solo,2,Singapore,0
,Fragrance Hotel - Royal,3,0.034110076,business,couple,2,Singapore,0
,Fragrance Hotel - Royal,3,0.034110076,leisure,couple,2,Singapore,0
,Fragrance Hotel - Royal,3,0.034110076,leisure,solo,2,Singapore,0
,Fragrance Hotel - Royal,3,0.047390571,business,family,2,Singapore,0
,Fragrance Hotel - Ruby,3,0.019634172,business,solo,2,Singapore,0
,Fragrance Hotel - Ruby,3,0.019634172,business,couple,2,Singapore,0
,Fragrance Hotel - Ruby,3,0.025987849,business,family,2,Singapore,0
,Fragrance Hotel - Ruby,3,0.019634172,leisure,solo,2,Singapore,0
,Fragrance Hotel - Ruby,3,0.019634172,leisure,couple,2,Singapore,0
,Fragrance Hotel - Viva,3,0.047390571,leisure,solo,2,Singapore,0
,Fragrance Hotel - Viva,3,0.047390571,business,solo,2,Singapore,0
,Fragrance Hotel - Waterfront,3,0.034110076,business,couple,2,Singapore,0
,Fragrance Hotel - Waterfront,3,0.034110076,leisure,solo,2,Singapore,0
,Fragrance Hotel - Waterfront,3,0.034110076,leisure,couple,2,Singapore,0
,Furama City Centre,4,0.089098859,business,family,4,Pearl's Hill, Singapore
,Furama City Centre,4,0.132100807,leisure,friend,4,Pearl's Hill, Singapore
,Furama City Centre,4,0.132100807,business,friend,4,Pearl's Hill, Singapore
,Furama RiverFront,4,0.060998575,leisure,solo,4,Robertson Quay, Singapore
,Furama RiverFront,4,0.060998575,business,solo,4,Robertson Quay, Singapore
,Furama RiverFront,4,0.060998575,leisure,couple,4,Robertson Quay, Singapore
,G4 Station Backpackers' Hostel,4,0.042101299,business,family,1,Selegie, Singapore
,G4 Station Backpackers' Hostel,4,0.042101299,leisure,family,1,Selegie, Singapore
,Genting Hotel Jurong,3.5,0.064175414,business,solo,3,Jurong East, Singapore
,Genting Hotel Jurong,3.5,0.064175414,leisure,solo,3,Jurong East, Singapore
,Genting Hotel Jurong,3.5,0.064175414,business,couple,3,Jurong East, Singapore
,Genting Hotel Jurong,3.5,0.064175414,leisure,couple,3,Jurong East, Singapore
,Golden Royal Hotel,3,0.034208329,business,solo,2,Little India, Singapore
,Golden Royal Hotel,3,0.046375293,business,family,2,Little India, Singapore
,Golden Royal Hotel,3,0.034208329,leisure,solo,2,Little India, Singapore
,Grand Copthorne Waterfront,4,0.100561678,business,family,5,Robertson Quay, Singapore
,Grand Copthorne Waterfront,4,0.100561678,leisure,family,5,Robertson Quay, Singapore
,Grand Copthorne Waterfront,4,0.164344081,leisure,friend,5,Robertson Quay, Singapore
,Grand Copthorne Waterfront,4,0.079306336,leisure,solo,5,Robertson Quay, Singapore
,Grand Copthorne Waterfront,4,0.164344081,business,friend,5,Robertson Quay, Singapore
,Grand Copthorne Waterfront,4,0.079306336,business,solo,5,Robertson Quay, Singapore
,Grand Hyatt Singapore,4,0.190512061,business,family,5,Orchard, Singapore
,Grand Hyatt Singapore,4,0.157810274,leisure,couple,5,Orchard, Singapore
,Grand Hyatt Singapore,4,0.190512061,leisure,family,5,Orchard, Singapore
,Grand Hyatt Singapore,4,0.157810274,business,couple,5,Orchard, Singapore
,Grand Mercure Singapore Roxy,4,0.117330146,business,friend,4,Katong, Singapore
,Grand Mercure Singapore Roxy,4,0.05579118,leisure,solo,4,Katong, Singapore
,Grand Mercure Singapore Roxy,4,0.117330146,leisure,friend,4,Katong, Singapore
,Grand Mercure Singapore Roxy,4,0.05579118,business,solo,4,Katong, Singapore
,Grand Park City Hall,3,0.110779963,leisure,couple,5,City Hall, Singapore
,Grand Park City Hall,3,0.163934695,business,family,5,City Hall, Singapore
,Grand Park City Hall,3,0.245697349,business,friend,5,City Hall, Singapore
,Grand Park City Hall,3,0.110779963,business,couple,5,City Hall, Singapore
,Grand Park City Hall,3,0.245697349,leisure,friend,5,City Hall, Singapore
,Grand Park Orchard,4,0.237525996,business,friend,5,Orchard, Singapore
,Grand Park Orchard,4,0.115905481,leisure,couple,5,Orchard, Singapore
,Grand Park Orchard,4,0.115905481,business,couple,5,Orchard, Singapore
,Grand Park Orchard,4,0.237525996,leisure,friend,5,Orchard, Singapore
,Grand Park Orchard,4,0.115905481,business,solo,5,Orchard, Singapore
,Harbour Ville Hotel,3,0.064437421,business,friend,3,Singapore,0
,Harbour Ville Hotel,3,0.029344818,business,couple,3,Singapore,0
,Harbour Ville Hotel,3,0.064437421,leisure,friend,3,Singapore,0
,Harbour Ville Hotel,3,0.029344818,leisure,couple,3,Singapore,0
,Hilton Singapore,4,0.119377078,leisure,couple,5,Orchard, Singapore
,Hilton Singapore,4,0.119377078,business,couple,5,Orchard, Singapore
,Hilton Singapore,4,0.112417509,leisure,solo,5,Orchard, Singapore
,Hilton Singapore,4,0.112417509,business,solo,5,Orchard, Singapore
,Holiday Inn Express Singapore Orchard Road,4,0.185599424,business,family,3,Orchard, Singapore
,Holiday Inn Express Singapore Orchard Road,4,0.089934007,leisure,solo,3,Orchard, Singapore
,Holiday Inn Express Singapore Orchard Road,4,0.089934007,business,solo,3,Orchard, Singapore
,Holiday Inn Singapore Atrium,4,0.0645848,business,couple,4,Singapore,0
,Holiday Inn Singapore Atrium,4,0.0645848,leisure,solo,4,Singapore,0
,Holiday Inn Singapore Atrium,4,0.0645848,leisure,couple,4,Singapore,0
,Holiday Inn Singapore Atrium,4,0.0645848,business,solo,4,Singapore,0
,Holiday Inn Singapore Orchard City Centre,5,0.091162166,leisure,solo,4,Orchard, Singapore
,Holiday Inn Singapore Orchard City Centre,5,0.091162166,business,solo,4,Orchard, Singapore
,Hornbill Hotel,2,0.039235594,business,friend,1,Singapore,0
,Hornbill Hotel,2,0.016752092,leisure,couple,1,Singapore,0
,Hornbill Hotel,2,0.039235594,leisure,friend,1,Singapore,0
,Hotel 165,2,0.035158105,leisure,couple,2,Lavender, Singapore
,Hotel 165,2,0.076031244,leisure,friend,2,Lavender, Singapore
,Hotel 165,2,0.076031244,business,friend,2,Lavender, Singapore
,Hotel 1929,4,0.042920071,business,solo,3,Chinatown, Singapore
,Hotel 1929,4,0.042920071,leisure,solo,3,Chinatown, Singapore
,Hotel 81 - Premier Star,3,0.023793538,leisure,solo,2,Singapore,0
,Hotel 81 - Premier Star,3,0.023793538,business,solo,2,Singapore,0
,Hotel 81 Balestier,3,0.028657049,business,solo,2,Novena, Singapore
,Hotel 81 Balestier,3,0.063045507,business,family,2,Novena, Singapore
,Hotel 81 Balestier,3,0.028657049,leisure,solo,2,Novena, Singapore
,Hotel 81 Changi,3,0.028657049,leisure,couple,2,Singapore,0
,Hotel 81 Changi,3,0.063045507,business,family,2,Singapore,0
,Hotel 81 Changi,3,0.063045507,leisure,family,2,Singapore,0
,Hotel 81 Changi,3,0.028657049,business,couple,2,Singapore,0
,Hotel 81 Chinatown,3,0.035600242,leisure,couple,2,Chinatown, Singapore
,Hotel 81 Chinatown,3,0.035600242,business,couple,2,Chinatown, Singapore
,Hotel 81 Classic,3,0.028657049,leisure,solo,2,Singapore,0
,Hotel 81 Classic,3,0.028657049,business,solo,2,Singapore,0
,Hotel 81 Classic,3,0.042559811,business,family,2,Singapore,0
,Hotel 81 Cosy,3,0.035600242,leisure,couple,2,Chinatown, Singapore
,Hotel 81 Cosy,3,0.035600242,business,solo,2,Chinatown, Singapore
,Hotel 81 Cosy,3,0.07694827,business,friend,2,Chinatown, Singapore
,Hotel 81 Cosy,3,0.035600242,business,couple,2,Chinatown, Singapore
,Hotel 81 Cosy,3,0.07694827,leisure,friend,2,Chinatown, Singapore
,Hotel 81 Dickson,3,0.032128646,business,solo,2,Little India, Singapore
,Hotel 81 Dickson,3,0.032128646,business,couple,2,Little India, Singapore
,Hotel 81 Dickson,3,0.032128646,leisure,solo,2,Little India, Singapore
,Hotel 81 Elegance,3,0.056102314,leisure,family,2,Lavender, Singapore
,Hotel 81 Elegance,3,0.056102314,business,family,2,Lavender, Singapore
,Hotel 81 Gold,4,0.053318486,leisure,family,2,Singapore,0
,Hotel 81 Gold,4,0.053318486,business,family,2,Singapore,0
,Hotel 81 Gold,4,0.023793538,business,couple,2,Singapore,0
,Hotel 81 Heritage,3,0.035600242,leisure,couple,2,Kampong Glam, Singapore
,Hotel 81 Heritage,3,0.035600242,business,couple,2,Kampong Glam, Singapore
,Hotel 81 Lucky,3,0.02205774,leisure,couple,2,Singapore,0
,Hotel 81 Lucky,3,0.02205774,business,couple,2,Singapore,0
,Hotel 81 Lucky,3,0.02205774,leisure,solo,2,Singapore,0
,Hotel 81 Lucky,3,0.02205774,business,solo,2,Singapore,0
,Hotel 81 Osaka,3,0.07694827,business,friend,2,Tiong Bahru, Singapore
,Hotel 81 Osaka,3,0.07694827,business,family,2,Tiong Bahru, Singapore
,Hotel 81 Osaka,3,0.07694827,leisure,family,2,Tiong Bahru, Singapore
,Hotel 81 Osaka,3,0.035600242,business,solo,2,Tiong Bahru, Singapore
,Hotel 81 Osaka,3,0.035600242,leisure,solo,2,Tiong Bahru, Singapore
,Hotel 81 Osaka,3,0.035600242,business,couple,2,Tiong Bahru, Singapore
,Hotel 81 Osaka,3,0.035600242,leisure,couple,2,Tiong Bahru, Singapore
,Hotel 81 Palace,3,0.02205774,business,solo,2,Singapore,0
,Hotel 81 Palace,3,0.02205774,business,couple,2,Singapore,0
,Hotel 81 Palace,3,0.02205774,leisure,solo,2,Singapore,0
,Hotel 81 Palace,3,0.02205774,leisure,couple,2,Singapore,0
,Hotel 81 Premier Hollywood,3,0.053318486,business,family,2,Singapore,0
,Hotel 81 Premier Hollywood,3,0.023793538,leisure,solo,2,Singapore,0
,Hotel 81 Premier Hollywood,3,0.023793538,business,couple,2,Singapore,0
,Hotel 81 Premier Hollywood,3,0.023793538,leisure,couple,2,Singapore,0
,Hotel 81 Premier Hollywood,3,0.053318486,business,friend,2,Singapore,0
,Hotel 81 Premier Hollywood,3,0.053318486,leisure,family,2,Singapore,0
,Hotel 81 Premier Hollywood,3,0.023793538,business,solo,2,Singapore,0
,Hotel 81 Premier Hollywood,3,0.053318486,leisure,friend,2,Singapore,0
,Hotel 81 Princess,3,0.02205774,business,couple,2,Singapore,0
,Hotel 81 Princess,3,0.02205774,leisure,couple,2,Singapore,0
,Hotel 81 Rochor,3,0.032128646,leisure,solo,2,Little India, Singapore
,Hotel 81 Rochor,3,0.032128646,business,couple,2,Little India, Singapore
,Hotel 81 Rochor,3,0.032128646,business,solo,2,Little India, Singapore
,Hotel 81 Rochor,3,0.032128646,leisure,couple,2,Little India, Singapore
,Hotel 81 Sakura,3,0.025185452,leisure,couple,2,Katong, Singapore
,Hotel 81 Sakura,3,0.025185452,business,couple,2,Katong, Singapore
,Hotel 81 Sakura,3,0.039088215,leisure,family,2,Katong, Singapore
,Hotel 81 Sakura,3,0.056102314,leisure,friend,2,Katong, Singapore
,Hotel 81 Sakura,3,0.039088215,business,family,2,Katong, Singapore
,Hotel 81 Sakura,3,0.025185452,leisure,solo,2,Katong, Singapore
,Hotel 81 Sakura,3,0.025185452,business,solo,2,Katong, Singapore
,Hotel 81 Sakura,3,0.056102314,business,friend,2,Katong, Singapore
,Hotel 81 Selegie,3,0.032128646,leisure,couple,2,Selegie, Singapore
,Hotel 81 Selegie,3,0.032128646,business,solo,2,Selegie, Singapore
,Hotel 81 Selegie,3,0.032128646,business,couple,2,Selegie, Singapore
,Hotel 81 Tristar,3,0.042559811,leisure,family,2,Singapore,0
,Hotel 81 Tristar,3,0.069988701,business,friend,2,Singapore,0
,Hotel 81 Tristar,3,0.032128646,leisure,couple,2,Singapore,0
,Hotel 81 Tristar,3,0.069988701,leisure,friend,2,Singapore,0
,Hotel 81 Tristar,3,0.032128646,business,couple,2,Singapore,0
,Hotel 81 Tristar,3,0.042559811,business,family,2,Singapore,0
,Hotel Bencoolen Singapore,3,0.088296461,leisure,family,3,Bencoolen, Singapore
,Hotel Bencoolen Singapore,3,0.030098089,business,couple,3,Bencoolen, Singapore
,Hotel Bencoolen Singapore,3,0.030098089,leisure,solo,3,Bencoolen, Singapore
,Hotel Bencoolen Singapore,3,0.088296461,business,family,3,Bencoolen, Singapore
,Hotel Bencoolen Singapore,3,0.030098089,leisure,couple,3,Bencoolen, Singapore
,Hotel Chancellor@Orchard,3,0.097843352,leisure,family,3,Orchard, Singapore
,Hotel Chancellor@Orchard,3,0.051500811,business,couple,3,Orchard, Singapore
,Hotel Chancellor@Orchard,3,0.051500811,leisure,solo,3,Orchard, Singapore
,Hotel Chancellor@Orchard,3,0.051500811,leisure,couple,3,Orchard, Singapore
,Hotel Chancellor@Orchard,3,0.097843352,business,family,3,Orchard, Singapore
,Hotel Clover 33 Jalan Sultan,4,0.044311985,leisure,couple,4,Kampong Glam, Singapore
,Hotel Clover 33 Jalan Sultan,4,0.149622546,leisure,friend,4,Kampong Glam, Singapore
,Hotel Clover 33 Jalan Sultan,4,0.149622546,business,friend,4,Kampong Glam, Singapore
,Hotel Clover 33 Jalan Sultan,4,0.071953756,business,family,4,Kampong Glam, Singapore
,Hotel Clover 33 Jalan Sultan,4,0.044311985,business,couple,4,Kampong Glam, Singapore
,Hotel Clover 5 HongKong Street,4,0.042920071,business,solo,4,Boat Quay, Singapore
,Hotel Clover 5 HongKong Street,4,0.042920071,leisure,solo,4,Boat Quay, Singapore
,Hotel Clover 7,4,0.044639494,business,couple,3,Boat Quay, Singapore
,Hotel Clover 7,4,0.044639494,leisure,couple,3,Boat Quay, Singapore
,Hotel Conforto,3,0.035158105,leisure,couple,2,Boat Quay, Singapore
,Hotel Conforto,3,0.035158105,business,couple,2,Boat Quay, Singapore
,Hotel Fort Canning,5,0.211767403,business,friend,5,Singapore,0
,Hotel Fort Canning,5,0.211767403,leisure,friend,5,Singapore,0
,Hotel Fort Canning,5,0.211767403,business,family,5,Singapore,0
,Hotel Fort Canning,5,0.211767403,leisure,family,5,Singapore,0
,Hotel Indigo Singapore Katong,5,0.135719783,leisure,friend,4,Katong, Singapore
,Hotel Indigo Singapore Katong,5,0.135719783,business,friend,4,Katong, Singapore
,Hotel Jen Orchardgateway Singapore by Shangri-La,5,0.181931321,business,friend,4,Orchard, Singapore
,Hotel Jen Orchardgateway Singapore by Shangri-La,5,0.181931321,leisure,friend,4,Orchard, Singapore
,Hotel Jen Orchardgateway Singapore by Shangri-La,5,0.165981627,business,family,4,Orchard, Singapore
,Hotel Jen Tanglin Singapore by Shangri-la,4.5,0.13327984,leisure,family,4,Orchard, Singapore
,Hotel Jen Tanglin Singapore by Shangri-la,4.5,0.13327984,business,family,4,Orchard, Singapore
,Hotel Kai,4,0.03964498,business,solo,3,Singapore,0
,Hotel Kai,4,0.182340708,leisure,friend,3,Singapore,0
,Hotel Kai,4,0.182340708,business,friend,3,Singapore,0
,Hotel Kai,4,0.043329458,business,couple,3,Singapore,0
,Hotel Kai,4,0.043329458,leisure,couple,3,Singapore,0
,Hotel NuVe,4,0.025594838,leisure,solo,3,Kampong Glam, Singapore
,Hotel NuVe,4,0.025594838,business,solo,3,Kampong Glam, Singapore
,Hotel NuVe Heritage,4.5,0.078536689,business,family,4,Singapore,0
,Hotel Royal,3,0.116920759,leisure,friend,4,Novena, Singapore
,Hotel Royal,3,0.116920759,business,friend,4,Novena, Singapore
,Hotel Royal,3,0.055594675,business,solo,4,Novena, Singapore
,Hotel Royal @ Queens,3.5,0.106702474,leisure,family,4,Singapore,0
,Hotel Royal @ Queens,3.5,0.067254,business,solo,4,Singapore,0
,Hotel Royal @ Queens,3.5,0.067254,leisure,couple,4,Singapore,0
,Hotel Royal @ Queens,3.5,0.067254,leisure,solo,4,Singapore,0
,Hotel Royal @ Queens,3.5,0.067254,business,couple,4,Singapore,0
,Hotel Royal @ Queens,3.5,0.147166227,business,friend,4,Singapore,0
,Hotel Royal @ Queens,3.5,0.106702474,business,family,4,Singapore,0
,Hotel Yan,4,0.040463753,business,couple,3,Lavender, Singapore
,Hotel Yan,4,0.040463753,leisure,couple,3,Lavender, Singapore
,Hotel Yan,4,0.035600242,leisure,solo,3,Lavender, Singapore
,Hotel Yan,4,0.06026168,business,family,3,Lavender, Singapore
,Hotel Yan,4,0.035600242,business,solo,3,Lavender, Singapore
,Ibis Singapore Novena,3,0.039235594,business,solo,3,Novena, Singapore
,Ibis Singapore Novena,3,0.039235594,leisure,solo,3,Novena, Singapore
,Ibis Singapore on Bencoolen,4,0.088460216,leisure,friend,3,Singapore,0
,Ibis Singapore on Bencoolen,4,0.041364403,business,solo,3,Singapore,0
,Ibis Singapore on Bencoolen,4,0.041364403,leisure,couple,3,Singapore,0
,Ibis Singapore on Bencoolen,4,0.088460216,business,friend,3,Singapore,0
,Ibis Singapore on Bencoolen,4,0.041364403,leisure,solo,3,Singapore,0
,Ibis Styles Singapore On Macpherson,3.5,0.051500811,business,family,3,Singapore,0
,J8 Hotel,3,0.088050829,business,friend,3,Lavender, Singapore
,J8 Hotel,3,0.037679925,business,solo,3,Lavender, Singapore
,J8 Hotel,3,0.041167898,leisure,family,3,Lavender, Singapore
,J8 Hotel,3,0.088050829,leisure,friend,3,Lavender, Singapore
,J8 Hotel,3,0.037679925,leisure,solo,3,Lavender, Singapore
,J8 Hotel,3,0.041167898,business,couple,3,Lavender, Singapore
,Jayleen 1918,3,0.044639494,business,solo,3,Boat Quay, Singapore
,Jayleen 1918,3,0.044639494,leisure,solo,3,Boat Quay, Singapore
,Jayleen 1918,3,0.044639494,business,family,3,Boat Quay, Singapore
,Jinshan Hotel,3,0.034290206,leisure,solo,3,Chinatown, Singapore
,Jinshan Hotel,3,0.043656967,business,couple,3,Chinatown, Singapore
,Jinshan Hotel,3,0.034290206,business,solo,3,Chinatown, Singapore
,Jinshan Hotel,3,0.043656967,leisure,couple,3,Chinatown, Singapore
,Joyfor Backpackers' Hostel,4,0.002439943,business,solo,1,Singapore,0
,Joyfor Backpackers' Hostel,4,0.002439943,leisure,solo,1,Singapore,0
,Kam Leng Hotel by JL Asia,3,0.026642868,leisure,couple,3,Lavender, Singapore
,Kam Leng Hotel by JL Asia,3,0.059033521,leisure,friend,3,Lavender, Singapore
,Kam Leng Hotel by JL Asia,3,0.026642868,business,couple,3,Lavender, Singapore
,Kam Leng Hotel by JL Asia,3,0.026642868,business,solo,3,Lavender, Singapore
,Kam Leng Hotel by JL Asia,3,0.059033521,business,friend,3,Lavender, Singapore
,Kam Leng Hotel by JL Asia,3,0.026642868,leisure,solo,3,Lavender, Singapore
,Kawan Hostel,3,0.000163755,leisure,solo,1,Little India, Singapore
,Kawan Hostel,3,0.000163755,business,solo,1,Little India, Singapore
,Le Peranakan Hotel,2,0.018799024,business,solo,2,Singapore,0
,Le Peranakan Hotel,2,0.026970377,business,couple,2,Singapore,0
,Le Peranakan Hotel,2,0.026970377,leisure,couple,2,Singapore,0
,Lemon Grass Hotel,3,0.024923445,business,family,2,Singapore,0
,Lloyd's Inn,4.5,0.059688539,leisure,family,3,Singapore,0
,Lloyd's Inn,4.5,0.059688539,business,family,3,Singapore,0
,M Social Singapore,4,0.075621858,business,couple,4,Robertson Quay, Singapore
,M Social Singapore,4,0.156991501,leisure,friend,4,Robertson Quay, Singapore
,M Social Singapore,4,0.156991501,business,friend,4,Robertson Quay, Singapore
,Mandarin Orchard Singapore,4,0.100610805,business,couple,5,Orchard, Singapore
,Mandarin Orchard Singapore,4,0.100610805,business,solo,5,Orchard, Singapore
,Mandarin Orchard Singapore,4,0.132870454,business,family,5,Orchard, Singapore
,Mandarin Orchard Singapore,4,0.100610805,leisure,solo,5,Orchard, Singapore
,Mandarin Orchard Singapore,4,0.132870454,leisure,family,5,Orchard, Singapore
,Mandarin Orchard Singapore,4,0.100610805,leisure,couple,5,Orchard, Singapore
,Mandarin Orchard Singapore,4,0.246925508,business,friend,5,Orchard, Singapore
,Maple Lodge @ Chinatown,4,0.008990126,leisure,couple,1,Chinatown, Singapore
,Maple Lodge @ Chinatown,4,0.008990126,business,couple,1,Chinatown, Singapore
,Marina Bay Sands,5,0.239163542,business,family,5,Marina Bay, Singapore
,Marrison @ Desker,3,0.023809914,business,couple,2,Little India, Singapore
,Marrison @ Desker,3,0.023809914,leisure,couple,2,Little India, Singapore
,Marrison @ Desker,3,0.022418,business,solo,2,Little India, Singapore
,Marrison Hotel,3,0.032669036,leisure,solo,3,Singapore,0
,Marrison Hotel,3,0.032669036,business,solo,3,Singapore,0
,Marrison Hotel,3,0.032669036,leisure,couple,3,Singapore,0
,Marrison Hotel,3,0.039448475,business,family,3,Singapore,0
,Marrison Hotel,3,0.032669036,business,couple,3,Singapore,0
,May & May Hostel,3,0.003668102,business,solo,1,Singapore,0
,May & May Hostel,3,0.003668102,leisure,solo,1,Singapore,0
,Meadows Hostel,4,0.003258716,leisure,solo,1,Lavender, Singapore
,Meadows Hostel,4,0.030245468,business,friend,1,Lavender, Singapore
,Meadows Hostel,4,0.030245468,leisure,friend,1,Lavender, Singapore
,Meadows Hostel,4,0.012265217,business,couple,1,Lavender, Singapore
,Meadows Hostel,4,0.003258716,business,solo,1,Lavender, Singapore
,Meadows Hostel,4,0.012265217,leisure,couple,1,Lavender, Singapore
,Mercure Singapore Bugis,4,0.055758429,business,couple,4,Singapore,0
,Mercure Singapore Bugis,4,0.055758429,leisure,solo,4,Singapore,0
,Mercure Singapore Bugis,4,0.055758429,business,solo,4,Singapore,0
,Mitraa Inn,4,0.004077489,leisure,solo,1,Lavender, Singapore
,Mitraa Inn,4,0.028280413,business,family,1,Lavender, Singapore
,Mitraa Inn,4,0.028280413,leisure,couple,1,Lavender, Singapore
,Mitraa Inn,4,0.028280413,leisure,family,1,Lavender, Singapore
,Moni Gallery Hostel,3,0,leisure,solo,1,Lavender, Singapore
,Moni Gallery Hostel,3,0,business,solo,1,Lavender, Singapore
,Moni Gallery Hostel,3,0.023335025,leisure,couple,1,Lavender, Singapore
,Moon 23 Hotel,3,0.082663304,business,family,3,Little India, Singapore
,Moon 23 Hotel,3,0.038465947,leisure,couple,3,Little India, Singapore
,Moon 23 Hotel,3,0.082663304,leisure,family,3,Little India, Singapore
,Moon 23 Hotel,3,0.038465947,business,solo,3,Little India, Singapore
,Moon 23 Hotel,3,0.038465947,leisure,solo,3,Little India, Singapore
,Moon 23 Hotel,3,0.038465947,business,couple,3,Little India, Singapore
,Nano Hostel,3,0.021910361,leisure,friend,3,Singapore,0
,Nano Hostel,3,0.021910361,business,friend,3,Singapore,0
,New Cape Inn,3,0.035158105,leisure,solo,3,Tiong Bahru, Singapore
,New Cape Inn,3,0.055594675,business,family,3,Tiong Bahru, Singapore
,New Cape Inn,3,0.076031244,business,friend,3,Tiong Bahru, Singapore
,New Cape Inn,3,0.076031244,leisure,friend,3,Tiong Bahru, Singapore
,New Cape Inn,3,0.035158105,business,solo,3,Tiong Bahru, Singapore
,New Cape Inn,3,0.035158105,business,couple,3,Tiong Bahru, Singapore
,New Cape Inn,3,0.035158105,leisure,couple,3,Tiong Bahru, Singapore
,New Orchid Hotel,1,0.029000933,leisure,couple,2,Novena, Singapore
,New Orchid Hotel,1,0.063733277,business,friend,2,Novena, Singapore
,New Orchid Hotel,1,0.063733277,leisure,friend,2,Novena, Singapore
,New Society Backpackers Hostel,3,0.012134213,leisure,couple,1,Lavender, Singapore
,New Society Backpackers Hostel,3,0.012134213,business,couple,1,Lavender, Singapore
,Novotel Clarke Quay,4,0.091571553,business,family,4,Clarke Quay, Singapore
,Novotel Clarke Quay,4,0.087477688,leisure,couple,4,Clarke Quay, Singapore
,Novotel Clarke Quay,4,0.087477688,business,solo,4,Clarke Quay, Singapore
,Novotel Clarke Quay,4,0.087477688,business,couple,4,Clarke Quay, Singapore
,Novotel Clarke Quay,4,0.087477688,leisure,solo,4,Clarke Quay, Singapore
,Novotel Clarke Quay,4,0.091571553,leisure,family,4,Clarke Quay, Singapore
,"Oasia Hotel Novena, Singapore by Far East Hospitality",4.5,0.088296461,business,family,4,Novena, Singapore
,One Farrer Hotel & Spa,5,0.100561678,leisure,family,5,Farrer Park, Singapore
,One Farrer Hotel & Spa,5,0.100561678,business,family,5,Farrer Park, Singapore
,Orchard Parade Hotel by Far East Hospitality,4,0.088296461,business,family,4,Orchard, Singapore
,Orchard Parade Hotel by Far East Hospitality,4,0.069497437,leisure,solo,4,Orchard, Singapore
,Orchid Country Club,4,0.062947255,leisure,couple,4,Singapore,0
,Orchid Country Club,4,0.062947255,business,couple,4,Singapore,0
,PARKROYAL on Beach Road,4,0.070725596,business,solo,4,Singapore,0
,PARKROYAL on Beach Road,4,0.070725596,business,couple,4,Singapore,0
,PARKROYAL on Beach Road,4,0.070725596,leisure,solo,4,Singapore,0
,PARKROYAL on Beach Road,4,0.070725596,leisure,couple,4,Singapore,0
,PARKROYAL on Kitchener Road,4,0.141451193,business,friend,4,Lavender, Singapore
,PARKROYAL on Kitchener Road,4,0.056413448,leisure,solo,4,Lavender, Singapore
,PARKROYAL on Kitchener Road,4,0.13327984,business,family,4,Lavender, Singapore
,PARKROYAL on Kitchener Road,4,0.056413448,business,solo,4,Lavender, Singapore
,PARKROYAL on Kitchener Road,4,0.141451193,leisure,friend,4,Lavender, Singapore
,PARKROYAL on Kitchener Road,4,0.13327984,leisure,family,4,Lavender, Singapore
,Pan Pacific Orchard,4,0.114873827,business,family,5,Orchard, Singapore
,Pan Pacific Orchard,4,0.235479064,leisure,friend,5,Orchard, Singapore
,Parc Sovereign Hotel - Albert St,3,0.046080534,leisure,couple,4,Bencoolen, Singapore
,Parc Sovereign Hotel - Albert St,3,0.063356641,business,family,4,Bencoolen, Singapore
,Parc Sovereign Hotel - Albert St,3,0.046080534,business,couple,4,Bencoolen, Singapore
,Parc Sovereign Hotel - Tyrwhitt,4,0.046080534,leisure,solo,4,Lavender, Singapore
,Parc Sovereign Hotel - Tyrwhitt,4,0.063356641,business,family,4,Lavender, Singapore
,Parc Sovereign Hotel - Tyrwhitt,4,0.046080534,business,solo,4,Lavender, Singapore
,Park 22 Hotel Chinatown,3,0.106702474,business,family,3,Chinatown, Singapore
,Park 22 Hotel Chinatown,3,0.02403917,leisure,solo,3,Chinatown, Singapore
,Park 22 Hotel Chinatown,3,0.027952904,business,couple,3,Chinatown, Singapore
,Park 22 Hotel Chinatown,3,0.02403917,business,solo,3,Chinatown, Singapore
,Park 22 Hotel Chinatown,3,0.027952904,leisure,couple,3,Chinatown, Singapore
,Park 22 Hotel Little India,3,0.096484189,business,family,3,Farrer Park, Singapore
,Park 22 Hotel Little India,3,0.037712676,leisure,couple,3,Farrer Park, Singapore
,Park 22 Hotel Little India,3,0.037712676,business,couple,3,Farrer Park, Singapore
,Park 22 Hotel Little India,3,0.096484189,leisure,friend,3,Farrer Park, Singapore
,Park 22 Hotel Little India,3,0.096484189,business,friend,3,Farrer Park, Singapore
,Park 22 Hotel Little India,3,0.02728151,business,solo,3,Farrer Park, Singapore
,Park Avenue Changi,4,0.075212472,business,family,4,Singapore,0
,Park Avenue Changi,4,0.067122996,business,couple,4,Singapore,0
,Park Avenue Changi,4,0.075212472,leisure,family,4,Singapore,0
,Park Avenue Changi,4,0.067122996,leisure,solo,4,Singapore,0
,Park Avenue Changi,4,0.067122996,business,solo,4,Singapore,0
,Park Avenue Rochester,4,0.0834002,leisure,solo,4,Singapore,0
,Park Avenue Rochester,4,0.0834002,business,family,4,Singapore,0
,Park Avenue Rochester,4,0.0834002,business,solo,4,Singapore,0
,Park Hotel Alexandra,4.5,0.179065616,business,family,4,Singapore,0
,Park Hotel Alexandra,4.5,0.179065616,leisure,family,4,Singapore,0
,Park Hotel Clarke Quay,4,0.227307711,leisure,friend,4,Robertson Quay, Singapore
,Park Hotel Clarke Quay,4,0.227307711,business,friend,4,Robertson Quay, Singapore
,Park Hotel Clarke Quay,4,0.096811699,business,couple,4,Robertson Quay, Singapore
,Park Hotel Clarke Quay,4,0.096811699,leisure,solo,4,Robertson Quay, Singapore
,Park Hotel Clarke Quay,4,0.096811699,business,solo,4,Robertson Quay, Singapore
,Park View Hotel,3,0.034748719,leisure,solo,3,Singapore,0
,Park View Hotel,3,0.034748719,business,solo,3,Singapore,0
,Park View Hotel,3,0.096484189,leisure,friend,3,Singapore,0
,Park View Hotel,3,0.096484189,business,friend,3,Singapore,0
,Parkroyal on Pickering,5,0.21094863,leisure,family,5,Singapore,0
,Parkroyal on Pickering,5,0.21094863,business,family,5,Singapore,0
,Pasir Panjang Inn,3,0.035256358,leisure,couple,2,Singapore,0
,Pasir Panjang Inn,3,0.035256358,business,couple,2,Singapore,0
,Peninsula Excelsior Hotel,4,0.06689374,leisure,solo,4,City Hall, Singapore
,Peninsula Excelsior Hotel,4,0.139535265,business,friend,4,City Hall, Singapore
,Perak Hotel,3.5,0.03874433,leisure,couple,3,Little India, Singapore
,Perak Hotel,3.5,0.075212472,business,family,3,Little India, Singapore
,Perak Hotel,3.5,0.03874433,business,couple,3,Little India, Singapore
,Perak Hotel,3.5,0.075212472,leisure,family,3,Little India, Singapore
,Pillow Talk Hostel,3,0.058050993,leisure,friend,1,Lavender, Singapore
,Pillow Talk Hostel,3,0.058050993,business,friend,1,Lavender, Singapore
,Pillow Talk Hostel,3,0.004486875,leisure,solo,1,Lavender, Singapore
,Pillow Talk Hostel,3,0.004486875,business,solo,1,Lavender, Singapore
,Pine Hostel - By Just Inn,4,0.01290386,leisure,couple,2,Lavender, Singapore
,Pine Hostel - By Just Inn,4,0.01290386,business,couple,2,Lavender, Singapore
,Plush Pods,2.5,0.009808898,leisure,solo,1,Singapore,0
,Plush Pods,2.5,0.009808898,business,solo,1,Singapore,0
,Porcelain Hotel by JL Asia,3,0.037352416,leisure,couple,3,Chinatown, Singapore
,Porcelain Hotel by JL Asia,3,0.032488906,leisure,solo,3,Chinatown, Singapore
,Porcelain Hotel by JL Asia,3,0.032488906,business,solo,3,Chinatown, Singapore
,Porcelain Hotel by JL Asia,3,0.037352416,business,couple,3,Chinatown, Singapore
,Premier Inn Singapore Beach Road,4,0.047439697,business,solo,3,Singapore,0
,Premier Inn Singapore Beach Road,4,0.047439697,business,couple,3,Singapore,0
,Premier Inn Singapore Beach Road,4,0.047439697,leisure,solo,3,Singapore,0
,Quality Hotel Marlow,3,0.046080534,leisure,couple,4,Novena, Singapore
,Quality Hotel Marlow,3,0.046080534,business,couple,4,Novena, Singapore
,Quarters Hostel,4,0.050125272,leisure,family,2,Boat Quay, Singapore
,Quarters Hostel,4,0.050125272,business,family,2,Boat Quay, Singapore
,Quarters Hostel,4,0.006959569,business,solo,2,Boat Quay, Singapore
,Quarters Hostel,4,0.050125272,business,friend,2,Boat Quay, Singapore
,Quarters Hostel,4,0.050125272,leisure,friend,2,Boat Quay, Singapore
,Quarters Hostel,4,0.006959569,leisure,solo,2,Boat Quay, Singapore
,Raffles Singapore,5,0.648402574,business,friend,5,City Hall, Singapore
,Raffles Singapore,5,0.648402574,leisure,friend,5,City Hall, Singapore
,Raintr33 Hotel Singapore,3,0.104655542,business,friend,4,Singapore,0
,Raintr33 Hotel Singapore,3,0.104655542,leisure,friend,4,Singapore,0
,Regin Hotel,2.5,0.03247253,business,couple,3,Singapore,0
,Regin Hotel,2.5,0.03247253,leisure,couple,3,Singapore,0
,Rendezvous Hotel Singapore by Far East Hospitality,4,0.088296461,business,family,4,Singapore,0
,Rendezvous Hotel Singapore by Far East Hospitality,4,0.144726284,leisure,friend,4,Singapore,0
,Rendezvous Hotel Singapore by Far East Hospitality,4,0.144726284,business,friend,4,Singapore,0
,Resorts World Sentosa - Beach Villas,4.5,0.533938134,leisure,couple,5,Sentosa Island, Singapore
,Resorts World Sentosa - Beach Villas,4.5,0.533938134,business,couple,5,Sentosa Island, Singapore
,Resorts World Sentosa - Festive Hotel,3.5,0.110779963,business,solo,5,Sentosa Island, Singapore
,Resorts World Sentosa - Festive Hotel,3.5,0.110779963,leisure,solo,5,Sentosa Island, Singapore
,River City Inn,5,0.019650548,leisure,couple,1,Boat Quay, Singapore
,River City Inn,5,0.019650548,business,couple,1,Boat Quay, Singapore
,Robertson Quay Hotel,3,0.037188662,leisure,couple,3,Robertson Quay, Singapore
,Robertson Quay Hotel,3,0.035665744,business,solo,3,Robertson Quay, Singapore
,Robertson Quay Hotel,3,0.035665744,leisure,solo,3,Robertson Quay, Singapore
,Robertson Quay Hotel,3,0.037188662,business,couple,3,Robertson Quay, Singapore
,Royal Hostel Singapore,4,0.03319305,business,friend,2,Chinatown, Singapore
,Royal Hostel Singapore,4,0.003995611,business,solo,2,Chinatown, Singapore
,Royal Hostel Singapore,4,0.013722633,leisure,couple,2,Chinatown, Singapore
,Royal Hostel Singapore,4,0.03319305,leisure,friend,2,Chinatown, Singapore
,Royal Hostel Singapore,4,0.003995611,leisure,solo,2,Chinatown, Singapore
,Royal Plaza on Scotts,4.5,0.088296461,business,family,5,Orchard, Singapore
,Royal Plaza on Scotts,4.5,0.174971752,leisure,friend,5,Orchard, Singapore
,Royal Plaza on Scotts,4.5,0.174971752,business,friend,5,Orchard, Singapore
,Rucksack Inn @ Lavender Street,4,0.003487972,business,solo,2,Singapore,0
,Rucksack Inn @ Lavender Street,4,0.003487972,leisure,solo,2,Singapore,0
,Rucksack Inn @ Lavender Street,4,0.062947255,business,friend,2,Singapore,0
,Rucksack Inn @ Lavender Street,4,0.062947255,leisure,friend,2,Singapore,0
,Rucksack Inn @ Lavender Street,4,0.031162494,business,couple,2,Singapore,0
,Rucksack Inn@Mackenzie,4,0.046146036,business,couple,3,Selegie, Singapore
,Rucksack Inn@Mackenzie,4,0.030769483,business,solo,3,Selegie, Singapore
,Rucksack Inn@Mackenzie,4,0.046146036,leisure,couple,3,Selegie, Singapore
,Rucksack Inn@Mackenzie,4,0.030769483,leisure,solo,3,Selegie, Singapore
,Rucksack Inn@Mackenzie,4,0.06581296,business,family,3,Selegie, Singapore
,Santa Grand Hotel Bugis,3,0.029017309,business,solo,3,Kampong Glam, Singapore
,Santa Grand Hotel Bugis,3,0.040594757,business,family,3,Kampong Glam, Singapore
,Santa Grand Hotel Bugis,3,0.029017309,leisure,solo,3,Kampong Glam, Singapore
,Santa Grand Hotel Bugis,3,0.029017309,leisure,couple,3,Kampong Glam, Singapore
,Santa Grand Hotel Bugis,3,0.029017309,business,couple,3,Kampong Glam, Singapore
,Santa Grand Hotel East Coast,4,0.04393535,leisure,solo,3,Katong, Singapore
,Santa Grand Hotel East Coast,4,0.093618485,business,friend,3,Katong, Singapore
,Santa Grand Hotel East Coast,4,0.049453879,business,family,3,Katong, Singapore
,Santa Grand Hotel East Coast,4,0.093618485,leisure,friend,3,Katong, Singapore
,Santa Grand Hotel East Coast,4,0.049453879,leisure,family,3,Katong, Singapore
,Santa Grand Hotel East Coast,4,0.04393535,business,solo,3,Katong, Singapore
,Santa Grand Hotel Lai Chun Yuen,3,0.074148067,leisure,friend,3,Chinatown, Singapore
,Santa Grand Hotel Lai Chun Yuen,3,0.074148067,business,friend,3,Chinatown, Singapore
,Santa Grand Hotel Lai Chun Yuen,3,0.034208329,leisure,couple,3,Chinatown, Singapore
,Santa Grand Hotel Lai Chun Yuen,3,0.034208329,business,couple,3,Chinatown, Singapore
,Santa Grand Hotel Lai Chun Yuen,3,0.023793538,business,solo,3,Chinatown, Singapore
,Santa Grand Hotel Lai Chun Yuen,3,0.023793538,leisure,solo,3,Chinatown, Singapore
,Santa Grand Hotel Little India,3,0.032488906,leisure,couple,2,Little India, Singapore
,Santa Grand Hotel Little India,3,0.02728151,business,solo,2,Little India, Singapore
,Santa Grand Hotel Little India,3,0.02728151,leisure,solo,2,Little India, Singapore
,Santa Grand Hotel Little India,3,0.032488906,business,couple,2,Little India, Singapore
,Santa Grand Hotel West Coast,2.5,0.041184273,business,solo,3,Singapore,0
,Santa Grand Hotel West Coast,2.5,0.041184273,leisure,couple,3,Singapore,0
,Santa Grand Hotel West Coast,2.5,0.041184273,business,couple,3,Singapore,0
,Shangri-La's Rasa Sentosa Resort & Spa,5,0.382661667,business,friend,5,Sentosa Island, Singapore
,Shangri-La's Rasa Sentosa Resort & Spa,5,0.382661667,leisure,friend,5,Sentosa Island, Singapore
,Sheraton Towers Singapore Hotel,4,0.161887763,business,family,5,Orchard, Singapore
,Sheraton Towers Singapore Hotel,4,0.104655542,leisure,couple,5,Orchard, Singapore
,Sheraton Towers Singapore Hotel,4,0.215042494,leisure,friend,5,Orchard, Singapore
,Sheraton Towers Singapore Hotel,4,0.104655542,leisure,solo,5,Orchard, Singapore
,Sheraton Towers Singapore Hotel,4,0.104655542,business,couple,5,Orchard, Singapore
,Sheraton Towers Singapore Hotel,4,0.104655542,business,solo,5,Orchard, Singapore
,Sheraton Towers Singapore Hotel,4,0.215042494,business,friend,5,Orchard, Singapore
,"Siloso Beach Resort, Sentosa",3,0.064175414,leisure,solo,4,Sentosa Island, Singapore
,"Siloso Beach Resort, Sentosa",3,0.064175414,business,solo,4,Sentosa Island, Singapore
,Singapore Marriott Tang Plaza Hotel,4,0.13327984,business,couple,5,Orchard, Singapore
,Singapore Marriott Tang Plaza Hotel,4,0.13327984,leisure,couple,5,Orchard, Singapore
,Sleepy Kiwi Boutique Hostel & Bar,3,0.028002031,leisure,couple,2,Kampong Glam, Singapore
,Sleepy Kiwi Boutique Hostel & Bar,3,0.028002031,business,couple,2,Kampong Glam, Singapore
,Sleepy Kiwi Boutique Hostel & Bar,3,0.002358066,business,solo,2,Kampong Glam, Singapore
,Sleepy Kiwi Boutique Hostel & Bar,3,0.002358066,leisure,solo,2,Kampong Glam, Singapore
,So Sofitel Singapore,5,0.170075491,leisure,family,5,Marina Bay, Singapore
,So Sofitel Singapore,5,0.170075491,business,family,5,Marina Bay, Singapore
,Sofitel Singapore Sentosa Resort & Spa,4.5,1,business,friend,5,Sentosa Island, Singapore
,Sofitel Singapore Sentosa Resort & Spa,4.5,0.264103362,leisure,family,5,Sentosa Island, Singapore
,Sofitel Singapore Sentosa Resort & Spa,4.5,0.264103362,business,family,5,Sentosa Island, Singapore
,Sofitel Singapore Sentosa Resort & Spa,4.5,1,leisure,friend,5,Sentosa Island, Singapore
,Studio M Hotel,4,0.0645848,business,solo,4,Robertson Quay, Singapore
,Studio M Hotel,4,0.0645848,leisure,couple,4,Robertson Quay, Singapore
,Studio M Hotel,4,0.13490101,business,friend,4,Robertson Quay, Singapore
,Studio M Hotel,4,0.0645848,business,couple,4,Robertson Quay, Singapore
,Studio M Hotel,4,0.0645848,leisure,solo,4,Robertson Quay, Singapore
,Studio M Hotel,4,0.13490101,leisure,friend,4,Robertson Quay, Singapore
,Summer View Hotel,4,0.088296461,business,friend,3,Bencoolen, Singapore
,Summer View Hotel,4,0.043329458,leisure,couple,3,Bencoolen, Singapore
,Summer View Hotel,4,0.088296461,leisure,friend,3,Bencoolen, Singapore
,Summer View Hotel,4,0.043329458,business,solo,3,Bencoolen, Singapore
,Superb Hostel,3,0.017980251,leisure,solo,1,Kampong Glam, Singapore
,Superb Hostel,3,0.017980251,business,solo,1,Kampong Glam, Singapore
,Swissotel Merchant Court Singapore,5,0.12304518,business,family,5,Clarke Quay, Singapore
,Tai Hoe Hotel,3,0.039432099,business,family,2,Lavender, Singapore
,Tai Hoe Hotel,3,0.028657049,business,couple,2,Lavender, Singapore
,Tai Hoe Hotel,3,0.028657049,leisure,couple,2,Lavender, Singapore
,The Bohemian Chic,5,0.046604549,leisure,family,2,Chinatown, Singapore
,The Bohemian Chic,5,0.046604549,business,family,2,Chinatown, Singapore
,The Club,5,0.108749406,business,family,4,Chinatown, Singapore
,The Club,5,0.108749406,leisure,family,4,Chinatown, Singapore
,The Club,5,0.223213847,leisure,friend,4,Chinatown, Singapore
,The Club,5,0.223213847,business,friend,4,Chinatown, Singapore
,The Club Residences by Capella Singapore,5,0.24446919,business,family,5,Sentosa Island, Singapore
,The Club Residences by Capella Singapore,5,0.24446919,leisure,family,5,Sentosa Island, Singapore
,The Daulat,4,0.055381794,leisure,couple,4,Little India, Singapore
,The Daulat,4,0.055381794,business,solo,4,Little India, Singapore
,The Daulat,4,0.055381794,leisure,solo,4,Little India, Singapore
,The Daulat,4,0.055381794,business,couple,4,Little India, Singapore
,The Elizabeth Hotel by Far East Hospitality,4,0.151260091,leisure,friend,4,Orchard, Singapore
,The Elizabeth Hotel by Far East Hospitality,4,0.072772529,leisure,solo,4,Orchard, Singapore
,The Elizabeth Hotel by Far East Hospitality,4,0.092390325,leisure,family,4,Orchard, Singapore
,The Elizabeth Hotel by Far East Hospitality,4,0.092390325,business,family,4,Orchard, Singapore
,The Elizabeth Hotel by Far East Hospitality,4,0.072772529,business,solo,4,Orchard, Singapore
,The Fragrance Hotel (Joo Chiat),4,0.034388459,leisure,family,2,Katong, Singapore
,The Fragrance Hotel (Joo Chiat),4,0.026364485,leisure,couple,2,Katong, Singapore
,The Fragrance Hotel (Joo Chiat),4,0.026364485,business,couple,2,Katong, Singapore
,The Fragrance Hotel (Joo Chiat),4,0.034388459,business,family,2,Katong, Singapore
,The Fullerton Bay Hotel Singapore,5,0.571961943,business,family,5,Marina Bay, Singapore
,The Fullerton Bay Hotel Singapore,5,0.582999001,business,friend,5,Marina Bay, Singapore
,The Fullerton Bay Hotel Singapore,5,0.571961943,leisure,family,5,Marina Bay, Singapore
,The Fullerton Bay Hotel Singapore,5,0.582999001,leisure,friend,5,Marina Bay, Singapore
,The Fullerton Hotel Singapore,5,0.218317586,business,family,5,Marina Bay, Singapore
,The Fullerton Hotel Singapore,5,0.218317586,leisure,family,5,Marina Bay, Singapore
,The Haven by JetQuay,3.5,0.116920759,business,couple,3,Singapore,0
,The Haven by JetQuay,3.5,0.178246844,leisure,family,3,Singapore,0
,The Haven by JetQuay,3.5,0.116920759,leisure,couple,3,Singapore,0
,The Haven by JetQuay,3.5,0.178246844,business,family,3,Singapore,0
,The Inn at Temple Street,3,0.081811781,leisure,friend,3,Chinatown, Singapore
,The Inn at Temple Street,3,0.050534659,business,family,3,Chinatown, Singapore
,The Inn at Temple Street,3,0.038040185,leisure,couple,3,Chinatown, Singapore
,The Inn at Temple Street,3,0.038040185,business,couple,3,Chinatown, Singapore
,"The InnCrowd Backpackers' Hostel, Singapore",4,0.025332831,business,friend,1,Little India, Singapore
,"The InnCrowd Backpackers' Hostel, Singapore",4,0.001424665,leisure,solo,1,Little India, Singapore
,"The InnCrowd Backpackers' Hostel, Singapore",4,0.001424665,business,solo,1,Little India, Singapore
,"The InnCrowd Backpackers' Hostel, Singapore",4,0.025332831,leisure,friend,1,Little India, Singapore
,The Metropolitan Y,3,0.040054367,business,couple,3,Orchard, Singapore
,The Metropolitan Y,3,0.051500811,leisure,family,3,Orchard, Singapore
,The Metropolitan Y,3,0.040054367,leisure,couple,3,Orchard, Singapore
,The Metropolitan Y,3,0.040054367,business,solo,3,Orchard, Singapore
,The Metropolitan Y,3,0.040054367,leisure,solo,3,Orchard, Singapore
,The Metropolitan Y,3,0.051500811,business,family,3,Orchard, Singapore
,The Quincy Hotel by Far East Hospitality,5,0.213208443,leisure,family,4,Orchard, Singapore
,The Quincy Hotel by Far East Hospitality,5,0.213208443,business,family,4,Orchard, Singapore
,The Residence at Singapore Recreation Club,4,0.080125108,business,family,4,City Hall, Singapore
,The Residence at Singapore Recreation Club,4,0.067679762,leisure,couple,4,City Hall, Singapore
,The Residence at Singapore Recreation Club,4,0.067679762,business,couple,4,City Hall, Singapore
,"The Ritz-Carlton, Millenia Singapore",5,0.202777277,business,family,5,Marina Bay, Singapore
,"The Ritz-Carlton, Millenia Singapore",5,0.202777277,leisure,family,5,Marina Bay, Singapore
,The Shophouse at Arab Street,4,0.002439943,business,solo,1,Kampong Glam, Singapore
,The Shophouse at Arab Street,4,0.002439943,leisure,solo,1,Kampong Glam, Singapore
,The Shophouse at Arab Street,4,0.026970377,business,couple,1,Kampong Glam, Singapore
,The Shophouse at Arab Street,4,0.026970377,leisure,couple,1,Kampong Glam, Singapore
,The Southbridge Hotel,4,0.043329458,leisure,couple,3,Chinatown, Singapore
,The Southbridge Hotel,4,0.034339332,leisure,solo,3,Chinatown, Singapore
,The Southbridge Hotel,4,0.034339332,business,solo,3,Chinatown, Singapore
,The Southbridge Hotel,4,0.043329458,business,family,3,Chinatown, Singapore
,The St. Regis Singapore,5,0.223213847,business,family,5,Orchard, Singapore
,The Sultan,4,0.049781388,leisure,couple,4,Kampong Glam, Singapore
,The Sultan,4,0.093258225,leisure,family,4,Kampong Glam, Singapore
,The Sultan,4,0.049781388,business,couple,4,Kampong Glam, Singapore
,The Sultan,4,0.093258225,business,family,4,Kampong Glam, Singapore
,Travellers Loft @ Jalan Besar,2.5,0.014426777,business,couple,1,Lavender, Singapore
,Travellers Loft @ Jalan Besar,2.5,0.014426777,leisure,couple,1,Lavender, Singapore
,Travellers Loft @ Lavender,3.5,0.000393011,business,solo,1,Singapore,0
,Travellers Loft @ Lavender,3.5,0.000393011,leisure,solo,1,Singapore,0
,Travellers Loft @ Lavender,3.5,0.006533807,business,couple,1,Singapore,0
,Travellers Loft @ Lavender,3.5,0.006533807,leisure,couple,1,Singapore,0
,V Hotel Bencoolen,3,0.110976468,leisure,friend,4,Bencoolen, Singapore
,V Hotel Bencoolen,3,0.110976468,business,friend,4,Bencoolen, Singapore
,V Hotel Lavender,3,0.062701623,business,family,4,Lavender, Singapore
,V Hotel Lavender,3,0.045687524,leisure,couple,4,Lavender, Singapore
,V Hotel Lavender,3,0.045687524,business,solo,4,Lavender, Singapore
,V Hotel Lavender,3,0.045687524,business,couple,4,Lavender, Singapore
,Value Hotel Balestier,3,0.032128646,business,solo,2,Novena, Singapore
,Value Hotel Balestier,3,0.032128646,business,couple,2,Novena, Singapore
,Value Hotel Balestier,3,0.032128646,leisure,couple,2,Novena, Singapore
,Value Hotel Balestier,3,0.032128646,leisure,solo,2,Novena, Singapore
,Value Hotel Nice,3,0.032128646,leisure,solo,2,Novena, Singapore
,Value Hotel Nice,3,0.069988701,leisure,friend,2,Novena, Singapore
,Value Hotel Nice,3,0.069988701,business,friend,2,Novena, Singapore
,Value Hotel Nice,3,0.032128646,business,solo,2,Novena, Singapore
,Value Hotel Thomson,2.5,0.035600242,business,couple,3,Novena, Singapore
,Venue Hotel The Lily,3.5,0.042199551,business,family,3,Katong, Singapore
,Venue Hotel The Lily,3.5,0.042199551,leisure,family,3,Katong, Singapore
,Venue Hotel The Lily,3.5,0.031080616,business,solo,3,Katong, Singapore
,Venue Hotel The Lily,3.5,0.031080616,leisure,couple,3,Katong, Singapore
,Venue Hotel The Lily,3.5,0.031080616,leisure,solo,3,Katong, Singapore
,Village Hotel Albert Court by Far East Hospitality,4,0.073984312,business,family,4,Bencoolen, Singapore
,Village Hotel Albert Court by Far East Hospitality,4,0.113858549,leisure,friend,4,Bencoolen, Singapore
,Village Hotel Albert Court by Far East Hospitality,4,0.054055382,business,couple,4,Bencoolen, Singapore
,Village Hotel Albert Court by Far East Hospitality,4,0.113858549,business,friend,4,Bencoolen, Singapore
,Village Hotel Albert Court by Far East Hospitality,4,0.054055382,leisure,solo,4,Bencoolen, Singapore
,Village Hotel Albert Court by Far East Hospitality,4,0.054055382,business,solo,4,Bencoolen, Singapore
,Village Hotel Bugis by Far East Hospitality,4,0.084218973,business,family,4,Kampong Glam, Singapore
,Village Hotel Bugis by Far East Hospitality,4,0.084218973,leisure,family,4,Kampong Glam, Singapore
,Village Hotel Bugis by Far East Hospitality,4,0.061719095,leisure,solo,4,Kampong Glam, Singapore
,Village Hotel Bugis by Far East Hospitality,4,0.061719095,business,couple,4,Kampong Glam, Singapore
,Village Hotel Bugis by Far East Hospitality,4,0.061719095,business,solo,4,Kampong Glam, Singapore
,Village Hotel Bugis by Far East Hospitality,4,0.061719095,leisure,couple,4,Kampong Glam, Singapore
,Village Hotel Changi by Far East Hospitality,4,0.051500811,leisure,solo,4,Singapore,0
,Village Hotel Changi by Far East Hospitality,4,0.051500811,business,couple,4,Singapore,0
,Village Hotel Changi by Far East Hospitality,4,0.051500811,leisure,couple,4,Singapore,0
,Village Hotel Changi by Far East Hospitality,4,0.051500811,business,solo,4,Singapore,0
,Village Hotel Katong by Far East Hospitality,5,0.071953756,business,family,4,Katong, Singapore
,W Singapore - Sentosa Cove,4.5,0.157597393,leisure,solo,5,Sentosa Island, Singapore
,W Singapore - Sentosa Cove,4.5,0.186418196,business,family,5,Sentosa Island, Singapore
,W Singapore - Sentosa Cove,4.5,0.186418196,leisure,family,5,Sentosa Island, Singapore
,W Singapore - Sentosa Cove,4.5,0.280446067,leisure,friend,5,Sentosa Island, Singapore
,W Singapore - Sentosa Cove,4.5,0.280446067,business,friend,5,Sentosa Island, Singapore
,W Singapore - Sentosa Cove,4.5,0.157597393,business,solo,5,Sentosa Island, Singapore
,YMCA @ One Orchard,4,0.05705209,business,family,3,Singapore,0
,ZEN Premium Little India,4,0.046391668,business,couple,3,Little India, Singapore
,ZEN Premium Little India,4,0.046391668,leisure,couple,3,Little India, Singapore
,ZEN Rooms Arab Street,4,0.034928849,business,couple,3,Kampong Glam, Singapore
,ZEN Rooms Arab Street,4,0.034928849,leisure,couple,3,Kampong Glam, Singapore
,ZEN Rooms Balestier,4,0.076981021,business,friend,3,Novena, Singapore
,ZEN Rooms Balestier,4,0.076981021,leisure,friend,3,Novena, Singapore
,ZEN Rooms Bukit Merah,3,0.031801136,business,solo,4,Singapore,0
,ZEN Rooms Bukit Merah,3,0.031801136,leisure,solo,4,Singapore,0
,ZEN Rooms Bukit Merah,3,0.069333683,leisure,friend,4,Singapore,0
,ZEN Rooms Bukit Merah,3,0.069333683,business,friend,4,Singapore,0
,ZEN Rooms Clarke Quay,4,0.039448475,business,solo,3,Boat Quay, Singapore
,ZEN Rooms Clarke Quay,4,0.039448475,leisure,solo,3,Boat Quay, Singapore
,ZEN Rooms Evergreen Residence,3,0.02548021,business,solo,3,Singapore,0
,ZEN Rooms Evergreen Residence,3,0.02548021,leisure,solo,3,Singapore,0
,ZEN Rooms Evergreen Residence,3,0.02548021,leisure,couple,3,Singapore,0
,ZEN Rooms Evergreen Residence,3,0.02548021,business,couple,3,Singapore,0
,ZEN Rooms Farrer Park,3,0.05543092,leisure,friend,3,Lavender, Singapore
,ZEN Rooms Farrer Park,3,0.05543092,business,friend,3,Lavender, Singapore
,ZEN Rooms Farrer Park,3,0.024841567,business,solo,3,Lavender, Singapore
,ZEN Rooms Farrer Park,3,0.024841567,leisure,couple,3,Lavender, Singapore
,ZEN Rooms Farrer Park,3,0.024841567,leisure,solo,3,Lavender, Singapore
,ZEN Rooms Farrer Park,3,0.024841567,business,couple,3,Lavender, Singapore
,ZEN Rooms People's Park Complex,3,0.035616618,leisure,solo,3,Chinatown, Singapore
,ZEN Rooms People's Park Complex,3,0.035616618,business,solo,3,Chinatown, Singapore
,ZEN Rooms Suntec,4,0.050911294,business,solo,4,Singapore,0
,ZEN Rooms Suntec,4,0.050911294,leisure,solo,4,Singapore,0
,ZEN Rooms Temple Street,3,0.068629538,leisure,friend,3,Chinatown, Singapore
,ZEN Rooms Temple Street,3,0.068629538,business,friend,3,Chinatown, Singapore
,ZEN Rooms Temple Street,3,0.031457252,business,solo,3,Chinatown, Singapore
